323 60 45
317 60 46
315 60 47
333 60 48
342 60 49
356 60 50
362 60 51
387 60 52
387 60 53
380 60 54
411 60 55
396 60 56
386 60 57
391 60 58
353 60 59
351 60 60
303 60 61
205 60 62
199 60 63
206 60 64
125 60 65
99 60 66
85 60 67
24 60 68
83 60 69
8191 60 70
8191 60 71
34 60 72
58 60 73
60 60 74
52 60 75
8191 60 76
80 60 77
8191 60 78
73 60 79
8191 60 80
24 60 81
30 60 82
0 60 83
56 60 84
42 60 85
43 60 86
8191 60 87
14 60 88
32 60 89
5 60 90
39 61 45
46 61 46
372 61 47
333 61 48
342 61 49
359 61 50
363 61 51
365 61 52
386 61 53
394 61 54
388 61 55
377 61 56
347 61 57
350 61 58
319 61 59
363 61 60
211 61 62
149 61 63
189 61 64
106 61 65
74 61 66
73 61 69
39 61 70
25 61 72
38 61 73
46 61 74
8191 61 75
15 61 76
17 61 77
69 61 78
59 61 79
66 61 80
0 61 81
46 61 82
0 61 83
8191 61 84
98 61 85
57 61 86
60 61 87
8191 61 88
11 61 89
0 61 90
8191 62 45
13 62 46
379 62 47
341 62 48
337 62 49
359 62 50
362 62 51
381 62 52
391 62 53
373 62 54
381 62 55
361 62 56
386 62 57
354 62 58
309 62 59
299 62 60
234 62 61
214 62 62
149 62 64
80 62 65
127 62 66
67 62 67
67 62 68
8191 62 69
34 62 71
23 62 72
45 62 73
8191 62 74
8191 62 75
0 62 76
41 62 77
61 62 78
37 62 79
21 62 80
0 62 81
8191 62 82
8191 62 83
8191 62 84
37 62 85
59 62 86
34 62 87
5 62 88
65 62 89
8191 62 90
42 63 45
103 63 46
364 63 47
326 63 48
343 63 49
358 63 50
376 63 51
372 63 52
399 63 53
366 63 54
396 63 55
379 63 56
383 63 57
357 63 58
303 63 59
339 63 60
212 63 61
278 63 62
205 63 63
182 63 64
139 63 65
61 63 66
91 63 67
40 63 68
8191 63 69
73 63 70
75 63 71
15 63 72
44 63 73
49 63 74
8191 63 75
0 63 76
72 63 77
38 63 78
36 63 79
8191 63 80
14 63 81
47 63 82
77 63 83
63 63 84
87 63 85
93 63 86
75 63 87
3 63 88
35 63 89
56 63 90
8191 64 45
110 64 46
360 64 47
329 64 48
350 64 49
351 64 50
355 64 51
380 64 52
374 64 53
374 64 54
369 64 55
397 64 56
342 64 57
347 64 58
364 64 59
312 64 60
286 64 61
219 64 62
183 64 63
122 64 64
125 64 65
43 64 66
92 64 67
72 64 68
57 64 69
69 64 70
64 64 71
0 64 72
74 64 73
8191 64 74
85 64 75
107 64 76
29 64 77
0 64 78
77 64 79
68 64 80
64 64 81
8191 64 82
62 64 83
65 64 84
87 64 85
25 64 86
8191 64 87
43 64 88
9 64 89
62 64 90
8191 65 45
37 65 46
8191 65 69
37 65 70
21 65 72
52 65 74
44 65 75
35 65 76
8191 65 77
8191 65 78
31 65 79
52 65 80
23 65 81
8191 65 82
0 65 83
46 65 84
33 65 85
0 65 86
30 65 87
56 65 88
8191 65 89
14 65 90
43 66 46
382 66 47
328 66 48
336 66 49
346 66 50
359 66 51
377 66 52
375 66 53
372 66 54
373 66 55
380 66 56
335 66 57
351 66 58
341 66 59
288 66 60
276 66 61
179 66 63
102 66 64
62 66 65
8191 66 66
39 66 67
8191 66 69
8191 66 70
53 66 71
8191 66 72
77 66 73
8191 66 74
8191 66 75
27 66 76
61 66 77
79 66 78
8191 66 79
36 66 80
90 66 81
39 66 82
8191 66 83
24 66 84
8191 66 85
8191 66 86
4 66 87
5 66 88
37 66 89
20 66 90
34 67 45
56 67 46
393 67 47
326 67 48
349 67 49
366 67 50
350 67 51
374 67 52
378 67 53
410 67 54
384 67 55
385 67 56
335 67 57
351 67 58
344 67 59
205 67 61
170 67 62
177 67 63
147 67 64
71 67 65
102 67 66
8191 67 67
56 67 68
11 67 69
42 67 70
44 67 71
44 67 72
8191 67 73
8191 67 74
8191 67 75
0 67 76
8191 67 77
86 67 78
48 67 79
77 67 80
18 67 81
38 67 82
37 67 83
34 67 84
68 67 85
42 67 86
86 67 87
24 67 88
23 67 89
8191 67 90
107 68 45
27 68 46
369 68 47
330 68 48
347 68 49
355 68 50
374 68 51
372 68 52
384 68 53
397 68 54
367 68 55
344 68 56
339 68 57
365 68 58
312 68 59
258 68 60
193 68 61
228 68 62
153 68 63
153 68 64
130 68 65
110 68 66
53 68 67
63 68 68
63 68 69
0 68 70
8191 68 71
8191 68 72
53 68 73
43 68 74
37 68 75
29 68 76
11 68 77
34 68 79
37 68 80
104 68 81
9 68 82
33 68 83
41 68 84
45 68 85
8191 68 86
35 68 87
10 68 88
40 68 89
44 68 90
17 69 45
48 69 46
344 69 47
338 69 48
354 69 49
358 69 50
359 69 51
369 69 52
387 69 53
378 69 54
376 69 55
360 69 56
373 69 57
333 69 58
328 69 59
315 69 60
53 69 80
6 69 81
19 69 82
11 69 83
24 69 84
93 69 85
65 69 86
43 69 87
9 69 88
49 69 89
54 69 90
55 70 45
63 70 46
384 70 47
335 70 48
346 70 49
352 70 50
354 70 51
377 70 52
397 70 53
393 70 54
386 70 55
363 70 56
352 70 57
363 70 58
312 70 59
291 70 60
230 70 62
134 70 63
136 70 64
100 70 65
86 70 66
37 70 67
65 70 68
8191 70 69
8191 70 70
8191 70 71
36 70 74
38 70 75
54 70 76
41 70 77
8191 70 78
118 70 79
8 70 80
8191 70 81
49 70 82
8191 70 83
44 70 84
8191 70 85
23 70 86
61 70 87
46 70 88
85 70 89
0 70 90
52 71 45
45 71 46
357 71 47
334 71 48
349 71 49
348 71 50
359 71 51
368 71 52
364 71 53
378 71 54
353 71 55
353 71 56
335 71 57
379 71 58
315 71 59
319 71 60
316 71 61
214 71 62
148 71 63
142 71 64
8191 71 65
86 71 66
53 71 67
66 71 68
37 71 69
71 71 70
8191 71 71
46 71 72
8191 71 73
8191 71 74
8191 71 75
8191 71 76
26 71 77
12 71 78
0 71 79
8191 71 80
53 71 81
43 71 82
21 71 83
0 71 84
23 71 86
64 71 87
8191 71 88
63 71 90
68 72 45
94 72 46
359 72 47
330 72 48
346 72 49
344 72 50
361 72 51
382 72 52
383 72 53
374 72 54
379 72 55
381 72 56
361 72 57
373 72 58
336 72 59
279 72 60
260 72 61
162 72 62
203 72 63
136 72 64
132 72 65
88 72 66
101 72 67
77 72 68
38 72 69
8191 72 70
90 72 71
39 72 72
8191 72 73
44 72 74
47 72 75
30 72 76
8191 72 77
34 72 78
30 72 79
34 72 80
8191 72 81
26 72 82
16 72 83
53 72 84
6 72 85
8191 72 86
30 72 87
8191 72 88
27 72 89
64 72 90
67 73 46
369 73 47
336 73 48
352 73 49
365 73 50
369 73 51
57 73 70
52 73 71
33 73 72
66 73 73
86 73 74
8191 73 75
42 73 76
8191 73 77
8191 73 78
10 73 79
7 73 80
8191 73 81
8191 73 82
54 73 83
50 73 84
5 73 86
8191 73 87
68 73 88
74 73 89
59 73 90
10 74 45
66 74 46
370 74 47
334 74 48
344 74 49
359 74 50
372 74 51
365 74 52
376 74 53
377 74 54
367 74 55
351 74 56
368 74 57
350 74 58
307 74 59
276 74 60
248 74 61
180 74 62
173 74 63
146 74 64
98 74 65
59 74 66
85 74 67
77 74 68
48 74 69
22 74 70
41 74 71
8191 74 72
55 74 73
41 74 74
68 74 75
104 74 76
0 74 77
53 74 78
1 74 79
28 74 80
46 74 81
8191 74 82
27 74 83
56 74 84
26 74 85
34 74 86
24 74 87
40 74 89
13 74 90
8191 75 45
21 75 46
359 75 47
343 75 48
340 75 49
356 75 50
364 75 51
373 75 52
389 75 53
364 75 54
367 75 55
363 75 56
336 75 57
344 75 58
305 75 59
284 75 60
212 75 61
177 75 63
67 75 64
121 75 65
94 75 66
82 75 67
117 75 68
100 75 69
8191 75 70
67 75 71
72 75 72
22 75 73
26 75 74
8191 75 75
49 75 76
17 75 77
59 75 78
8191 75 79
17 75 80
8191 75 81
44 75 82
8191 75 83
26 75 84
8191 75 85
8191 75 86
8191 75 87
62 75 88
36 75 89
20 75 90
24 76 45
52 76 46
358 76 47
337 76 48
341 76 49
355 76 50
353 76 51
374 76 52
386 76 53
391 76 54
383 76 55
376 76 56
353 76 57
363 76 58
272 76 59
257 76 60
245 76 61
228 76 62
135 76 63
103 76 64
124 76 65
76 76 66
34 76 68
40 76 69
61 76 70
48 76 71
47 76 72
71 76 73
37 76 74
34 76 75
22 76 76
103 76 77
39 76 78
0 76 79
39 76 80
8191 76 81
8191 76 83
8191 76 84
25 76 85
8191 76 86
49 76 87
8191 76 88
57 76 89
54 76 90
68 77 45
46 77 46
373 77 47
340 77 48
361 77 49
358 77 50
371 77 51
367 77 52
372 77 53
373 77 54
376 77 55
372 77 56
339 77 57
371 77 58
283 77 59
258 77 60
283 77 61
202 77 62
150 77 63
151 77 64
150 77 65
111 77 66
107 77 67
29 77 68
86 77 69
57 77 70
8191 77 71
91 77 72
91 77 73
8191 77 74
26 77 75
8191 77 76
16 77 77
8191 77 78
55 77 79
89 77 80
72 77 81
70 77 82
95 77 83
70 77 84
55 77 85
32 77 86
3 77 87
48 77 88
8191 77 89
56 77 90
33 78 45
54 78 46
380 78 47
344 78 48
354 78 49
352 78 50
354 78 51
380 78 52
379 78 53
385 78 54
351 78 55
100 78 72
28 78 73
56 78 74
10 78 75
8191 78 76
8191 78 77
69 78 78
31 78 79
40 78 80
65 78 81
35 78 82
6 78 83
72 78 84
0 78 85
69 78 86
48 78 87
45 78 88
8191 78 89
40 78 90
76 79 45
8191 79 46
371 79 47
340 79 48
360 79 49
360 79 50
357 79 51
375 79 52
394 79 53
374 79 54
354 79 55
366 79 56
357 79 57
354 79 58
331 79 59
309 79 60
270 79 61
196 79 62
160 79 63
143 79 64
71 79 65
101 79 66
53 79 67
66 79 68
42 79 69
8191 79 70
62 79 71
26 79 72
8191 79 73
9 79 74
26 79 75
67 79 76
32 79 78
35 79 79
39 79 80
62 79 81
25 79 82
8191 79 83
48 79 84
45 79 85
8191 79 86
41 79 87
8191 79 88
46 79 89
68 79 90
61 80 45
92 80 46
382 80 47
340 80 48
348 80 49
360 80 50
363 80 51
363 80 52
373 80 53
390 80 54
377 80 55
373 80 56
348 80 57
331 80 58
321 80 59
301 80 60
282 80 61
255 80 62
216 80 63
144 80 64
75 80 65
118 80 66
79 80 67
95 80 68
33 80 69
58 80 70
8191 80 71
8191 80 72
52 80 73
50 80 74
20 80 75
8191 80 76
41 80 77
8191 80 78
47 80 79
77 80 80
41 80 81
18 80 82
8191 80 83
58 80 84
57 80 85
8191 80 86
24 80 87
39 80 88
21 80 89
51 80 90
89 81 45
81 81 46
381 81 47
340 81 48
353 81 49
357 81 50
359 81 51
366 81 52
367 81 53
371 81 54
387 81 55
376 81 56
375 81 57
348 81 58
325 81 59
325 81 60
300 81 61
235 81 62
206 81 63
185 81 64
187 81 65
133 81 66
77 81 67
106 81 68
104 81 69
62 81 70
62 81 71
17 81 72
19 81 73
44 81 74
8191 81 75
26 81 76
52 81 77
8191 81 78
92 81 79
8191 81 81
8191 81 82
44 81 83
8191 81 84
35 81 85
18 81 86
8191 81 87
17 81 88
48 81 89
25 81 90
80 82 45
96 82 46
367 82 47
345 82 48
354 82 49
366 82 50
377 82 51
373 82 52
383 82 53
380 82 54
362 82 55
362 82 56
362 82 57
341 82 58
339 82 59
311 82 60
297 82 61
247 82 62
234 82 63
207 82 64
146 82 65
167 82 66
130 82 67
78 82 68
51 82 69
87 82 90
32 83 45
370 83 47
350 83 48
358 83 49
369 83 50
358 83 51
366 83 52
368 83 53
378 83 54
371 83 55
369 83 56
380 83 57
347 83 58
336 83 59
322 83 60
309 83 61
285 83 62
252 83 63
228 83 64
190 83 65
184 83 66
163 83 67
142 83 68
126 83 69
37 83 70
47 83 71
42 83 72
63 83 73
81 83 74
0 83 75
8191 83 76
42 83 77
37 83 78
48 83 79
49 83 80
8191 83 81
22 83 82
66 83 83
8191 83 84
20 83 85
44 83 86
8191 83 87
7 83 88
74 83 89
8191 83 90
59 84 45
83 84 46
363 84 47
349 84 48
358 84 49
371 84 50
370 84 51
372 84 52
380 84 53
383 84 54
367 84 55
374 84 56
353 84 57
350 84 58
334 84 59
332 84 60
321 84 61
288 84 62
284 84 63
254 84 64
223 84 65
208 84 66
203 84 67
170 84 68
133 84 69
28 84 70
107 84 71
58 84 72
65 84 73
8191 84 74
54 84 75
8191 84 76
60 84 77
29 84 78
79 84 79
8191 84 80
8191 84 81
59 84 82
68 84 83
25 84 84
41 84 85
52 84 86
75 84 87
45 84 88
42 84 89
64 84 90
71 85 45
65 85 46
367 85 47
346 85 48
359 85 49
368 85 50
363 85 51
367 85 52
374 85 53
355 85 54
364 85 55
358 85 56
359 85 57
353 85 58
328 85 59
337 85 60
323 85 61
297 85 62
298 85 63
260 85 64
229 85 65
221 85 66
182 85 67
170 85 68
168 85 69
121 85 70
88 85 71
114 85 72
72 85 73
46 85 74
48 85 75
81 85 76
69 85 77
8191 85 78
101 85 79
7 85 80
8191 85 81
8 85 82
8191 85 83
8191 85 84
2 85 85
65 85 86
8191 85 87
58 85 88
46 85 89
70 85 90
68 86 45
124 86 46
375 86 47
341 86 48
354 86 49
365 86 50
368 86 51
365 86 52
368 86 53
368 86 54
355 86 55
362 86 56
355 86 57
355 86 58
344 86 59
335 86 60
328 86 61
300 86 62
287 86 63
267 86 64
245 86 65
212 86 66
25 86 80
44 86 81
62 86 82
16 86 83
67 86 84
46 86 85
45 86 86
11 86 87
8191 86 88
60 86 89
70 86 90
8191 87 45
176 87 46
365 87 47
348 87 48
360 87 49
358 87 50
366 87 51
362 87 52
362 87 53
365 87 54
357 87 55
353 87 56
351 87 57
348 87 58
344 87 59
321 87 60
323 87 61
302 87 62
272 87 63
287 87 64
277 87 65
260 87 66
229 87 67
206 87 68
189 87 69
149 87 70
130 87 71
123 87 72
8191 87 73
29 87 74
46 87 75
68 87 76
40 87 77
37 87 78
8191 87 79
8191 87 80
25 87 81
51 87 82
8191 87 83
8191 87 84
8191 87 85
0 87 86
38 87 87
67 87 88
0 87 89
52 87 90
77 88 45
220 88 46
357 88 47
349 88 48
358 88 49
352 88 50
360 88 51
360 88 52
366 88 53
355 88 54
356 88 55
354 88 56
349 88 57
330 88 58
327 88 59
337 88 60
316 88 61
319 88 62
294 88 63
297 88 64
270 88 65
273 88 66
266 88 67
206 88 68
226 88 69
194 88 70
113 88 71
86 88 72
117 88 73
8191 88 74
90 88 75
70 88 76
62 88 77
8191 88 78
16 88 79
57 88 80
8191 88 81
8191 88 82
43 88 83
53 88 84
6 88 85
8191 88 86
73 88 87
46 88 88
0 88 89
63 88 90
8191 89 45
250 89 46
354 89 47
347 89 48
349 89 49
356 89 50
360 89 51
353 89 52
354 89 53
355 89 54
348 89 55
349 89 56
345 89 57
337 89 58
333 89 59
320 89 60
323 89 61
313 89 62
303 89 63
297 89 64
279 89 65
274 89 66
260 89 67
235 89 68
226 89 69
183 89 70
145 89 71
98 89 72
81 89 73
109 89 74
8191 89 75
26 89 76
8191 89 77
39 89 78
42 89 79
81 89 80
71 89 81
79 89 82
8191 89 83
49 89 84
41 89 85
70 89 86
77 89 87
51 89 88
73 89 89
41 90 45
231 90 46
355 90 47
346 90 48
348 90 49
348 90 50
354 90 51
358 90 52
354 90 53
347 90 54
348 90 55
346 90 56
341 90 57
331 90 58
332 90 59
333 90 60
325 90 61
309 90 62
307 90 63
304 90 64
286 90 65
293 90 66
260 90 67
268 90 68
240 90 69
205 90 70
145 90 71
114 90 72
97 90 73
92 90 74
27 90 75
8191 90 76
56 90 77
45 90 78
66 90 79
64 90 80
34 90 81
37 90 82
74 90 83
24 90 84
10 90 85
41 90 86
22 90 87
343 91 55
335 91 56
337 91 57
331 91 58
327 91 59
330 91 60
324 91 61
302 91 62
305 91 63
314 91 64
287 91 65
290 91 66
285 91 67
268 91 68
242 91 69
218 91 70
174 91 71
155 91 72
91 91 73
105 91 74
97 91 75
8191 91 76
8191 91 77
73 91 78
23 91 79
0 91 80
98 91 81
20 91 82
88 91 83
48 91 84
39 91 85
57 91 86
8191 91 87
35 91 88
27 91 89
26 92 45
130 92 46
349 92 47
346 92 48
346 92 49
348 92 50
353 92 51
349 92 52
350 92 53
341 92 54
341 92 55
337 92 56
337 92 57
328 92 58
320 92 59
322 92 60
311 92 61
312 92 62
312 92 63
309 92 64
308 92 65
302 92 66
282 92 67
264 92 68
267 92 69
246 92 70
201 92 71
161 92 72
135 92 73
78 92 74
8191 92 75
3 92 76
79 92 78
52 92 81
40 92 82
8191 92 83
72 92 84
67 92 85
67 92 86
71 92 87
8191 92 88
5 92 89
8191 92 90
21 93 45
265 93 46
342 93 47
348 93 48
349 93 49
348 93 50
344 93 51
344 93 52
343 93 53
347 93 54
340 93 55
334 93 56
329 93 57
329 93 58
328 93 59
323 93 60
315 93 61
310 93 62
305 93 63
303 93 64
300 93 65
291 93 66
289 93 67
279 93 68
264 93 69
243 93 70
194 93 71
207 93 72
146 93 73
92 93 74
8191 93 75
8191 93 76
48 93 77
0 93 78
345 94 50
346 94 51
343 94 52
347 94 53
339 94 54
336 94 55
335 94 56
326 94 57
326 94 58
323 94 59
321 94 60
315 94 61
300 94 62
310 94 63
299 94 64
311 94 65
306 94 66
299 94 67
298 94 68
270 94 69
255 94 70
197 94 71
148 94 72
150 94 73
116 94 74
25 94 75
71 94 76
27 94 77
40 94 78
63 94 79
72 94 80
84 94 81
25 94 82
29 94 83
66 94 84
8191 94 85
26 94 86
8191 94 87
57 94 88
0 94 89
60 94 90
117 95 45
284 95 46
349 95 47
341 95 48
342 95 49
345 95 50
347 95 51
343 95 52
342 95 53
338 95 54
333 95 55
332 95 56
330 95 57
326 95 58
317 95 59
320 95 60
316 95 61
311 95 62
308 95 63
313 95 64
302 95 65
308 95 66
308 95 67
306 95 68
278 95 69
271 95 70
212 95 71
176 95 72
118 95 73
8191 95 74
53 95 75
8191 95 76
35 95 77
34 95 78
56 95 79
8191 95 80
8191 95 81
8191 95 82
34 95 83
52 95 84
43 95 85
8191 95 86
8191 95 87
31 95 88
34 95 89
53 95 90
37 96 45
234 96 46
346 96 47
340 96 48
347 96 49
349 96 50
341 96 51
346 96 52
342 96 53
339 96 54
337 96 55
332 96 56
328 96 57
322 96 58
318 96 59
317 96 60
320 96 61
316 96 62
313 96 63
314 96 64
305 96 65
311 96 66
305 96 67
298 96 68
272 96 69
269 96 70
233 96 71
156 96 72
165 96 73
129 96 74
57 96 75
8191 96 76
8191 96 77
5 96 78
69 96 79
8191 96 80
8191 96 81
29 96 82
19 96 83
47 96 84
8191 96 85
5 96 86
12 96 87
22 96 88
32 96 89
40 96 90
8191 97 45
268 97 46
340 97 47
340 97 48
342 97 49
349 97 50
341 97 51
346 97 52
338 97 53
335 97 54
334 97 55
332 97 56
327 97 57
322 97 58
318 97 59
314 97 60
316 97 61
313 97 62
312 97 63
309 97 64
313 97 65
297 97 66
299 97 67
293 97 68
275 97 69
270 97 70
209 97 71
173 97 72
175 97 73
96 97 74
18 97 75
0 97 76
27 97 77
8191 97 78
23 97 79
52 97 80
36 97 81
21 97 82
64 97 83
8191 97 84
12 97 85
42 97 86
18 97 87
62 97 88
8191 97 89
56 97 90
77 98 45
273 98 46
340 98 47
342 98 48
345 98 49
345 98 50
344 98 51
345 98 52
342 98 53
340 98 54
335 98 55
328 98 56
330 98 57
326 98 58
330 98 59
320 98 60
319 98 61
317 98 62
314 98 63
306 98 64
309 98 65
306 98 66
313 98 67
285 98 68
273 98 69
270 98 70
200 98 71
158 98 72
123 98 73
63 98 74
41 98 75
62 98 76
45 98 77
8191 98 78
48 98 79
82 98 80
8191 98 81
70 98 82
65 98 83
8191 98 84
34 98 85
52 98 86
8 98 87
21 98 88
113 98 89
24 98 90
10 99 45
123 99 46
340 99 47
341 99 48
344 99 49
347 99 50
346 99 51
345 99 52
342 99 53
346 99 54
340 99 55
240 99 70
206 99 71
160 99 72
111 99 73
83 99 74
57 99 75
8191 99 76
49 99 77
42 99 78
8191 99 79
8191 99 80
55 99 81
55 99 82
52 99 83
61 99 84
65 99 85
8191 99 86
8191 99 87
70 99 88
44 99 89
8191 99 90
72 100 45
249 100 46
346 100 47
339 100 48
342 100 49
347 100 50
349 100 51
346 100 52
341 100 53
343 100 54
342 100 55
340 100 56
333 100 57
330 100 58
327 100 59
324 100 60
321 100 61
320 100 62
323 100 63
314 100 64
307 100 65
292 100 66
298 100 67
288 100 68
283 100 69
252 100 70
201 100 71
203 100 72
101 100 73
87 100 74
95 100 75
79 100 76
72 100 77
0 100 78
46 100 79
41 100 80
65 100 81
8191 100 82
67 100 83
63 100 85
60 100 86
66 100 87
40 100 88
15 100 89
8191 100 90
23 101 45
210 101 46
349 101 47
345 101 48
346 101 49
349 101 50
344 101 51
348 101 52
350 101 53
343 101 54
337 101 55
340 101 56
336 101 57
327 101 58
331 101 59
330 101 60
317 101 61
318 101 62
316 101 63
313 101 64
311 101 65
304 101 66
297 101 67
302 101 68
266 101 69
237 101 70
205 101 71
120 101 72
106 101 73
108 101 74
66 101 75
75 101 76
42 101 77
38 101 78
8191 101 79
39 101 80
71 101 81
8191 101 82
13 101 83
33 101 84
42 101 85
69 101 86
28 101 87
65 101 88
31 101 89
44 101 90
55 102 45
274 102 46
353 102 47
344 102 48
355 102 49
353 102 50
354 102 51
354 102 52
349 102 53
352 102 54
346 102 55
340 102 56
335 102 57
334 102 58
330 102 59
332 102 60
318 102 61
315 102 62
318 102 63
320 102 64
309 102 65
303 102 66
286 102 67
296 102 68
267 102 69
250 102 70
199 102 71
153 102 72
102 102 73
92 102 74
62 102 75
49 102 76
56 102 77
51 102 78
51 102 79
7 102 80
57 102 81
76 102 82
37 102 83
39 102 84
63 102 85
8191 102 86
34 102 87
0 102 88
28 102 89
52 102 90
54 103 45
161 103 46
354 103 47
346 103 48
350 103 49
351 103 50
353 103 51
354 103 52
352 103 53
348 103 54
351 103 55
346 103 56
339 103 57
341 103 58
334 103 59
328 103 60
331 103 61
323 103 62
320 103 63
319 103 64
307 103 65
299 103 66
282 103 67
272 103 68
252 103 69
220 103 70
184 103 71
95 103 72
104 103 73
66 103 74
37 103 75
19 103 76
8191 103 77
56 103 78
33 103 79
62 103 81
73 103 82
55 103 83
29 103 84
26 103 85
8191 103 86
77 103 87
11 103 88
36 103 89
8191 103 90
70 104 45
158 104 46
353 104 47
344 104 48
353 104 49
357 104 50
359 104 51
355 104 52
349 104 53
354 104 54
346 104 55
343 104 56
346 104 57
338 104 58
336 104 59
331 104 60
331 104 61
315 104 62
320 104 63
310 104 64
289 104 65
284 104 66
284 104 67
257 104 68
259 104 69
186 104 70
151 104 71
117 104 72
102 104 73
8191 104 74
8191 104 75
45 104 76
70 104 88
28 104 89
28 104 90
8191 105 46
343 105 47
351 105 48
350 105 49
356 105 50
356 105 51
355 105 52
362 105 53
355 105 54
349 105 55
353 105 56
349 105 57
341 105 58
332 105 59
340 105 60
319 105 61
318 105 62
315 105 63
295 105 64
298 105 65
285 105 66
272 105 67
278 105 68
211 105 69
198 105 70
197 105 71
8191 105 72
85 105 73
2 105 74
80 105 75
30 105 76
8191 105 77
54 105 78
42 105 79
15 105 80
48 105 81
21 105 82
66 105 83
36 105 84
26 105 85
39 105 86
38 105 87
25 105 88
12 105 89
61 105 90
18 106 45
173 106 46
361 106 47
348 106 48
358 106 49
355 106 50
360 106 51
365 106 52
355 106 53
350 106 54
355 106 55
354 106 56
345 106 57
341 106 58
342 106 59
339 106 60
324 106 61
322 106 62
314 106 63
306 106 64
291 106 65
282 106 66
271 106 67
247 106 68
230 106 69
190 106 70
133 106 71
97 106 72
73 106 73
50 106 74
70 106 75
27 106 76
40 106 77
50 106 78
83 106 79
32 106 80
48 106 81
86 106 82
8191 106 83
51 106 84
55 106 85
59 106 86
8191 106 87
27 106 88
25 106 89
45 106 90
53 107 45
233 107 46
363 107 47
346 107 48
358 107 49
355 107 50
361 107 51
361 107 52
365 107 53
365 107 54
354 107 55
361 107 56
360 107 57
345 107 58
344 107 59
334 107 60
331 107 61
318 107 62
317 107 63
297 107 64
279 107 65
279 107 66
256 107 67
222 107 68
205 107 69
144 107 70
145 107 71
128 107 72
56 107 73
51 107 74
8191 107 75
67 107 76
38 107 77
53 107 78
76 107 79
8191 107 80
112 107 81
67 107 82
73 107 83
34 107 84
0 107 85
46 107 86
27 107 87
60 107 88
26 107 89
29 107 90
44 108 45
78 108 46
368 108 47
355 108 48
354 108 49
368 108 50
364 108 51
368 108 52
372 108 53
370 108 54
364 108 55
358 108 56
351 108 57
345 108 58
334 108 59
331 108 60
319 108 61
312 108 62
307 108 63
301 108 64
297 108 65
259 108 66
229 108 67
239 108 68
140 108 69
191 108 70
113 108 71
83 108 72
87 108 73
50 108 74
44 108 75
8191 108 76
58 108 77
46 108 78
8191 108 79
63 108 80
8191 108 81
6 108 82
8191 108 83
67 108 84
65 108 85
26 108 86
8191 108 88
25 108 89
86 108 90
52 109 45
101 109 46
369 109 47
343 109 48
355 109 49
367 109 50
359 109 51
362 109 52
362 109 53
368 109 54
375 109 55
353 109 56
353 109 57
350 109 58
348 109 59
328 109 60
329 109 61
304 109 62
286 109 63
285 109 64
263 109 65
237 109 66
220 109 67
178 109 68
146 109 69
135 109 70
72 109 71
21 109 72
49 109 73
57 109 74
0 109 75
104 109 76
82 109 77
34 109 78
41 109 79
32 109 80
96 109 81
52 109 82
27 109 83
41 109 85
40 109 86
16 109 87
59 109 88
116 109 89
41 109 90
8191 110 45
223 110 46
360 110 47
342 110 48
358 110 49
363 110 50
361 110 51
365 110 52
366 110 53
368 110 54
368 110 55
363 110 56
370 110 57
352 110 58
334 110 59
343 110 60
306 110 61
287 110 62
271 110 63
262 110 64
267 110 65
206 110 66
216 110 67
175 110 68
142 110 69
127 110 70
74 110 71
94 110 72
8191 110 73
8191 110 74
53 110 75
28 110 76
42 110 77
8191 110 78
12 110 79
41 110 80
85 110 81
55 110 82
63 110 84
0 110 85
55 110 86
70 110 87
29 110 88
61 110 89
33 110 90
43 111 45
122 111 46
365 111 47
348 111 48
351 111 49
366 111 50
365 111 51
366 111 52
370 111 53
375 111 54
365 111 55
364 111 56
360 111 57
346 111 58
324 111 59
310 111 60
311 111 61
285 111 62
287 111 63
237 111 64
210 111 65
202 111 66
161 111 67
128 111 68
97 111 69
55 111 70
80 111 71
39 111 72
72 111 73
23 111 74
8191 111 75
8191 111 77
98 111 78
38 111 79
75 111 80
37 111 81
0 111 82
63 111 83
41 111 84
68 111 85
8191 111 86
34 111 87
8191 111 88
89 111 89
35 111 90
47 112 45
112 112 46
363 112 47
333 112 48
358 112 49
364 112 50
363 112 51
372 112 52
371 112 53
364 112 54
359 112 55
351 112 56
355 112 57
330 112 58
333 112 59
310 112 60
299 112 61
275 112 62
258 112 63
233 112 64
229 112 65
201 112 66
173 112 67
117 112 68
122 112 69
67 112 70
39 112 71
96 112 72
42 112 73
32 112 74
29 112 75
70 112 76
38 112 77
49 112 78
45 112 79
51 112 80
67 112 81
47 112 82
8191 112 83
41 112 84
8191 112 85
8191 112 86
8191 112 87
6 112 88
8191 112 89
20 112 90
70 113 45
59 113 46
363 113 47
347 113 48
350 113 49
360 113 50
365 113 51
369 113 52
376 113 53
377 113 54
363 113 55
346 113 56
338 113 57
347 113 58
336 113 59
311 113 60
301 113 61
264 113 62
222 113 63
214 113 64
83 113 79
87 113 80
96 113 81
48 113 82
47 113 83
48 113 84
54 113 85
43 113 86
42 113 87
8191 113 88
63 113 89
51 113 90
46 114 45
76 114 46
360 114 47
342 114 48
349 114 49
352 114 50
364 114 51
366 114 52
357 114 53
365 114 54
347 114 55
354 114 56
364 114 57
330 114 58
305 114 59
296 114 60
299 114 61
250 114 62
224 114 63
188 114 64
184 114 65
154 114 66
75 114 67
123 114 68
105 114 69
67 114 70
99 114 71
61 114 73
30 114 74
8191 114 75
46 114 76
41 114 77
73 114 78
55 114 79
26 114 80
31 114 81
46 114 82
0 114 83
62 114 84
34 114 85
77 114 86
31 114 87
38 114 88
8191 114 89
47 114 90
55 115 45
131 115 46
359 115 47
341 115 48
354 115 49
355 115 50
366 115 51
373 115 52
366 115 53
348 115 54
352 115 55
356 115 56
337 115 57
319 115 58
299 115 59
289 115 60
300 115 61
206 115 62
188 115 63
185 115 64
154 115 65
95 115 66
71 115 67
65 115 68
64 115 69
35 115 70
52 115 71
51 115 72
34 115 73
37 115 74
86 115 75
33 115 76
59 115 77
40 115 78
106 115 79
67 115 80
26 115 81
8191 115 82
51 115 83
8191 115 84
94 115 85
8191 115 86
8191 115 87
64 115 88
8191 115 89
0 115 90
35 116 45
74 116 46
367 116 47
336 116 48
344 116 49
358 116 50
349 116 51
351 116 52
369 116 53
361 116 54
358 116 55
347 116 56
339 116 57
332 116 58
309 116 59
274 116 60
249 116 61
223 116 62
149 116 63
96 116 64
107 116 65
59 116 66
76 116 67
49 116 68
47 116 69
43 116 70
85 116 71
8191 116 72
38 116 73
8191 116 74
52 116 75
36 116 76
70 116 77
34 116 78
26 116 79
48 116 80
8191 116 82
23 116 83
65 116 84
8191 116 85
53 116 86
43 116 88
37 116 89
48 116 90
43 117 45
66 117 46
359 117 47
328 117 48
350 117 49
350 117 50
349 117 51
355 117 52
359 117 53
366 117 54
348 117 55
360 117 56
332 117 57
328 117 58
304 117 59
287 117 60
260 117 61
171 117 62
200 117 63
89 117 64
73 117 65
8191 117 66
55 117 67
67 117 68
8191 117 69
66 117 70
8191 117 71
8191 117 72
41 117 73
42 117 74
73 117 75
43 117 76
12 117 77
8191 117 78
8191 117 79
75 117 80
71 117 81
8191 117 82
71 117 83
42 117 84
37 117 85
8191 117 86
73 117 87
46 117 89
8191 117 90
44 118 45
59 118 46
364 118 47
327 118 48
350 118 49
350 118 50
352 118 51
345 118 52
356 118 53
343 118 54
359 118 55
342 118 56
339 118 57
306 118 58
281 118 59
234 118 60
246 118 61
186 118 62
124 118 63
136 118 64
115 118 65
79 118 66
33 118 67
49 118 68
11 118 69
40 118 70
8191 118 71
2 118 72
8191 118 73
65 118 74
8191 118 75
41 118 76
8191 118 77
36 118 78
81 118 79
8191 118 80
68 118 81
5 118 82
40 118 83
37 118 84
70 118 85
31 118 87
87 118 88
70 118 89
9 118 90
88 119 45
70 119 46
343 119 47
335 119 48
334 119 49
340 119 50
342 119 51
361 119 52
355 119 53
358 119 54
334 119 55
353 119 56
324 119 57
299 119 58
302 119 59
222 119 60
190 119 61
125 119 62
119 119 63
8191 119 64
101 119 65
59 119 66
8191 119 67
37 119 68
86 119 69
21 119 70
36 119 71
44 119 72
38 119 73
66 119 74
26 119 75
65 119 76
31 119 77
62 119 78
67 119 79
56 119 80
72 119 81
56 119 82
53 119 83
42 119 84
36 119 85
26 119 86
19 119 87
44 119 88
17 119 89
48 119 90
8191 120 45
34 120 46
336 120 47
317 120 48
340 120 49
350 120 50
341 120 51
342 120 52
342 120 53
338 120 54
339 120 55
339 120 56
321 120 57
279 120 58
273 120 59
223 120 60
218 120 61
111 120 62
149 120 63
80 120 64
85 120 65
52 120 66
14 120 67
45 120 68
46 120 69
19 120 70
50 120 71
49 120 72
8191 120 73
51 120 74
64 120 75
8191 120 76
41 120 77
8191 120 78
44 120 79
56 120 80
8191 120 81
83 120 82
85 120 83
44 120 84
41 120 85
50 120 86
39 120 87
63 120 88
55 120 89
8191 120 90
