360 60 46
365 60 47
387 60 48
398 60 49
410 60 50
445 60 51
494 60 52
513 60 53
526 60 54
558 60 55
585 60 56
598 60 57
588 60 58
551 60 59
572 60 60
570 60 61
567 60 62
527 60 63
486 60 64
569 60 65
424 60 66
436 60 67
360 60 68
327 60 69
259 60 70
208 60 71
178 60 72
194 60 73
185 60 74
179 60 76
85 60 77
84 60 78
62 60 79
67 60 80
23 60 81
96 60 82
53 60 83
114 60 85
56 60 86
2 60 87
47 60 88
8191 60 89
44 60 90
63 61 45
335 61 46
467 61 47
375 61 48
404 61 49
425 61 50
467 61 51
483 61 52
534 61 53
545 61 54
558 61 55
592 61 56
552 61 57
590 61 58
549 61 59
580 61 60
588 61 61
550 61 62
514 61 63
513 61 64
491 61 66
335 61 67
301 61 68
264 61 69
243 61 70
183 61 72
218 61 73
126 61 74
8191 61 75
101 61 76
145 61 77
72 61 78
8191 61 79
8191 61 80
60 61 81
8 61 83
62 61 84
87 61 85
62 61 87
8 61 88
52 61 89
63 61 90
8191 62 45
295 62 46
438 62 47
368 62 48
400 62 49
420 62 50
463 62 51
449 62 52
470 62 53
540 62 54
541 62 55
483 62 56
466 62 57
422 62 58
460 62 59
484 62 60
520 62 61
465 62 62
476 62 63
418 62 64
435 62 65
427 62 66
429 62 67
414 62 68
405 62 69
418 62 70
418 62 71
409 62 72
420 62 73
416 62 74
412 62 75
443 62 76
439 62 77
443 62 78
461 62 79
428 62 80
452 62 81
467 62 82
434 62 83
466 62 84
473 62 85
506 62 86
507 62 87
497 62 88
485 62 89
479 62 90
508 63 45
489 63 46
505 63 47
436 63 48
465 63 49
481 63 50
508 63 51
546 63 52
542 63 53
553 63 54
559 63 55
562 63 56
560 63 57
562 63 58
569 63 59
573 63 60
550 63 61
540 63 62
532 63 63
503 63 64
511 63 65
508 63 66
503 63 67
498 63 68
489 63 69
495 63 70
513 63 71
502 63 72
499 63 73
509 63 74
512 63 75
522 63 76
492 63 77
498 63 78
507 63 79
516 63 80
504 63 81
508 63 82
519 63 83
519 63 84
530 63 85
502 63 86
515 63 87
507 63 88
519 63 89
509 63 90
542 64 45
518 64 46
524 64 47
431 64 48
469 64 49
482 64 50
522 64 51
520 64 52
541 64 53
545 64 54
549 64 55
554 64 56
557 64 57
563 64 58
546 64 59
565 64 60
538 64 61
537 64 62
552 64 63
526 64 64
518 64 65
505 64 66
496 64 67
506 64 68
490 64 69
501 64 70
509 64 71
502 64 72
504 64 73
517 64 74
506 64 75
518 64 76
509 64 77
531 64 78
499 64 79
524 64 80
523 64 81
524 64 82
524 64 83
542 64 84
530 64 85
540 64 86
536 64 87
515 64 88
491 64 89
539 64 90
525 65 45
516 65 46
526 65 47
443 65 48
477 65 49
494 65 50
509 65 51
517 65 52
537 65 53
559 65 54
557 65 55
569 65 56
556 66 45
527 66 46
541 66 47
452 66 48
473 66 49
497 66 50
523 66 51
523 66 52
546 66 53
554 66 54
558 66 55
565 66 56
556 66 57
567 66 58
567 66 59
567 66 60
570 66 61
541 66 62
550 66 63
546 66 64
527 66 65
531 66 66
542 66 67
517 66 68
515 66 69
524 66 70
535 66 71
512 66 72
519 66 73
537 66 74
529 66 75
527 66 76
528 66 77
544 66 78
537 66 79
549 66 80
542 66 81
552 66 82
546 66 83
555 66 84
554 66 85
552 66 86
550 66 87
547 66 88
558 66 89
551 66 90
548 67 45
536 67 46
501 67 47
463 67 48
490 67 49
504 67 50
526 67 51
523 67 52
538 67 53
557 67 54
558 67 55
560 67 56
567 67 57
566 67 58
545 67 59
560 67 60
546 67 61
549 67 62
542 67 63
545 67 64
534 67 65
525 67 66
535 67 67
526 67 68
525 67 69
540 67 70
538 67 71
520 67 72
521 67 73
530 67 74
531 67 75
537 67 76
533 67 77
536 67 78
534 67 79
558 67 80
548 67 81
551 67 82
557 67 83
554 67 84
547 67 85
578 67 86
566 67 87
562 67 88
559 67 89
566 67 90
552 68 45
536 68 46
517 68 47
455 68 48
496 68 49
497 68 50
526 68 51
541 68 52
540 68 53
552 68 54
555 68 55
558 68 56
566 68 57
565 68 58
562 68 59
567 68 60
557 68 61
546 68 62
538 68 63
530 68 64
517 68 65
518 68 66
534 68 67
536 68 68
524 68 69
528 68 70
529 68 71
534 68 72
543 68 73
537 68 74
553 68 75
542 68 76
548 68 77
542 68 78
545 68 79
545 68 80
553 68 81
543 68 82
550 68 83
542 68 84
565 68 85
558 68 86
574 68 87
552 68 88
562 68 89
548 68 90
551 69 45
523 69 46
535 69 47
470 69 48
487 69 49
508 69 50
532 69 51
539 69 52
542 69 53
550 69 54
560 69 55
553 69 56
562 69 57
562 69 58
547 69 59
549 69 60
550 69 61
547 69 62
542 69 63
534 69 64
545 69 65
539 69 66
531 69 67
540 69 68
530 69 69
537 69 70
536 69 71
544 69 72
526 69 73
546 69 74
551 69 75
553 69 76
544 69 77
534 69 78
549 69 79
550 69 80
547 69 81
560 69 82
558 69 83
563 69 84
573 69 85
556 69 86
562 69 87
560 69 88
567 69 89
566 69 90
569 70 45
525 70 46
525 70 47
459 70 48
495 70 49
518 70 50
523 70 51
529 70 52
545 70 53
540 70 54
553 70 55
563 70 56
553 70 57
555 70 58
545 70 59
549 70 60
557 70 61
553 70 62
545 70 63
544 70 64
540 70 65
541 70 66
534 70 67
539 70 68
540 70 69
534 70 70
535 70 71
531 70 72
540 70 73
552 70 74
546 70 75
534 70 76
493 71 49
512 71 50
528 71 51
532 71 52
543 71 53
543 71 54
544 71 55
540 71 56
556 71 57
557 71 58
552 71 59
549 71 60
546 71 61
546 71 62
539 71 63
532 71 64
541 71 65
538 71 66
541 71 67
546 71 68
548 71 69
545 71 70
533 71 71
540 71 72
536 71 73
548 71 74
543 71 75
551 71 76
548 71 77
551 71 78
539 71 79
551 71 80
555 71 81
564 71 82
563 71 83
566 71 84
558 71 85
562 71 86
577 71 87
585 71 88
581 71 89
582 71 90
568 72 45
539 72 46
513 72 47
452 72 48
483 72 49
509 72 50
525 72 51
525 72 52
544 72 53
541 72 54
553 72 55
547 72 56
545 72 57
553 72 58
545 72 59
549 72 60
543 72 61
546 72 62
542 72 63
537 72 64
538 72 65
542 72 66
534 72 67
540 72 68
545 72 69
540 72 70
541 72 71
545 72 72
536 72 73
537 72 74
563 72 75
539 72 76
548 72 77
547 72 78
557 72 79
547 72 80
546 72 81
556 72 82
557 72 83
565 72 84
572 72 85
575 72 86
563 72 87
582 72 88
571 72 89
582 72 90
565 73 45
538 73 46
513 73 47
463 73 48
498 73 49
500 73 50
527 73 51
537 73 52
541 73 53
540 73 54
547 73 55
545 73 56
552 73 57
548 73 58
542 73 59
549 73 60
542 73 61
539 73 62
540 73 63
539 73 64
535 73 65
538 73 66
534 73 67
540 73 68
534 73 69
539 73 70
541 73 71
533 73 72
541 73 73
539 73 74
547 73 75
544 73 76
548 73 77
549 73 78
552 73 79
552 73 80
555 73 81
553 73 82
561 73 83
566 73 84
574 73 85
560 73 86
570 73 87
571 73 88
568 73 89
577 73 90
573 74 45
538 74 46
524 74 47
467 74 48
497 74 49
509 74 50
526 74 51
529 74 52
530 74 53
538 74 54
542 74 55
547 74 56
543 74 57
545 74 58
546 74 59
546 74 60
541 74 61
533 74 62
545 74 63
542 74 64
526 74 65
538 74 66
542 74 67
544 74 68
538 74 69
537 74 70
547 74 71
542 74 72
542 74 73
546 74 74
549 74 75
551 74 76
546 74 77
544 74 78
563 74 79
561 74 80
564 74 81
560 74 82
560 74 83
553 74 84
558 74 85
572 74 86
565 74 87
567 74 88
587 74 89
569 74 90
583 75 45
543 75 46
523 75 47
465 75 48
488 75 49
516 75 50
526 75 51
527 75 52
534 75 53
537 75 54
546 75 55
543 75 56
546 75 57
551 75 58
544 75 59
550 75 60
545 75 61
533 75 62
542 75 63
533 75 64
537 75 65
541 75 66
533 75 67
536 75 68
536 75 69
544 75 70
535 75 71
533 75 72
545 75 73
538 75 74
544 75 75
549 75 76
546 75 77
547 75 78
554 75 79
556 75 80
556 75 81
551 75 82
557 75 83
562 75 84
570 75 85
567 75 86
573 75 87
581 75 88
568 75 89
577 75 90
571 76 45
540 76 46
532 76 47
464 76 48
496 76 49
503 76 50
523 76 51
528 76 52
534 76 53
535 76 54
541 76 55
535 76 56
537 76 57
537 76 58
543 76 59
538 76 60
546 76 61
543 76 62
536 76 63
540 76 64
539 76 65
537 76 66
539 76 67
538 76 68
542 76 69
530 76 70
534 76 71
532 76 72
542 76 73
534 76 74
539 76 75
546 76 76
543 76 77
557 76 78
544 76 79
542 76 80
556 76 81
557 76 82
559 76 83
559 76 84
560 76 85
569 76 86
568 76 87
569 76 88
571 76 89
576 76 90
555 77 45
527 77 46
505 77 47
467 77 48
492 77 49
504 77 50
521 77 51
522 77 52
526 77 53
539 77 54
538 77 55
534 77 56
536 77 57
539 77 58
532 77 59
538 77 76
541 77 77
549 77 78
555 77 79
545 77 80
550 77 81
548 77 82
553 77 83
566 77 84
560 77 85
563 77 86
565 77 87
577 77 88
570 77 89
561 77 90
572 78 45
535 78 46
503 78 47
469 78 48
487 78 49
511 78 50
515 78 51
523 78 52
528 78 53
531 78 54
537 78 55
544 78 56
535 78 57
539 78 58
538 78 59
537 78 60
538 78 61
538 78 62
535 78 63
531 78 64
534 78 65
528 78 66
532 78 67
527 78 68
533 78 69
531 78 70
529 78 71
533 78 72
534 78 73
544 78 74
536 78 75
542 78 76
538 78 77
544 78 78
547 78 79
540 78 80
548 78 81
549 78 82
547 78 83
547 78 84
559 78 85
566 78 86
570 78 87
565 78 88
563 78 89
573 78 90
566 79 45
529 79 46
505 79 47
459 79 48
491 79 49
507 79 50
514 79 51
519 79 52
533 79 53
538 79 54
534 79 55
531 79 56
535 79 57
536 79 58
534 79 59
537 79 60
529 79 61
533 79 62
534 79 63
535 79 64
530 79 65
528 79 66
529 79 67
537 79 68
539 79 69
532 79 70
530 79 71
539 79 72
535 79 73
541 79 74
537 79 75
541 79 76
542 79 77
535 79 78
544 79 79
548 79 80
545 79 81
553 79 82
553 79 83
554 79 84
550 79 85
567 79 86
561 79 87
564 79 88
569 79 89
562 79 90
557 80 45
534 80 46
505 80 47
453 80 48
482 80 49
502 80 50
503 80 51
513 80 52
518 80 53
521 80 54
530 80 55
531 80 56
532 80 57
534 80 58
531 80 59
526 80 60
535 80 61
532 80 62
524 80 63
533 80 64
524 80 65
533 80 66
533 80 67
539 80 68
528 80 69
528 80 70
532 80 71
530 80 72
529 80 73
532 80 74
534 80 75
542 80 76
542 80 77
544 80 78
542 80 79
537 80 80
546 80 81
550 80 82
561 80 83
550 80 84
564 80 85
561 80 86
560 80 87
561 80 88
569 80 89
570 80 90
561 81 45
531 81 46
512 81 47
458 81 48
469 81 49
509 81 50
504 81 51
514 81 52
519 81 53
520 81 54
524 81 55
530 81 56
528 81 57
522 81 58
523 81 59
529 81 60
527 81 61
517 81 62
528 81 63
528 81 64
529 81 65
529 81 66
523 81 67
525 81 68
521 81 69
533 81 70
534 81 71
532 81 72
542 81 73
531 81 74
528 81 75
535 81 76
535 81 77
535 81 78
536 81 79
549 81 80
550 81 81
545 81 82
549 81 83
562 81 84
558 81 85
564 81 86
565 81 87
562 81 88
563 81 89
576 81 90
561 82 45
518 82 46
509 82 47
458 82 48
472 82 49
489 82 50
501 82 51
499 82 52
512 82 53
515 82 54
514 82 55
512 82 56
519 82 57
517 82 58
516 82 59
523 82 60
520 82 61
525 82 62
525 82 63
529 82 64
525 82 65
517 82 66
530 82 67
524 82 68
534 82 69
522 82 70
533 82 71
527 82 72
528 82 73
528 82 74
536 82 75
529 82 76
537 82 77
531 82 78
535 82 79
541 82 80
540 82 81
535 82 82
553 82 83
537 82 84
553 82 85
562 82 86
555 82 87
570 82 88
575 82 89
561 82 90
546 83 45
524 83 46
484 83 47
450 83 48
470 83 49
473 83 50
489 83 51
498 83 52
501 83 53
503 83 54
500 83 55
500 83 56
508 83 57
516 83 58
517 83 59
514 83 60
516 83 61
518 83 62
517 83 63
523 83 64
517 83 65
523 83 66
528 83 67
518 83 68
520 83 69
521 83 70
522 83 71
527 83 72
528 83 73
526 83 74
527 83 75
536 83 76
529 83 77
538 83 78
531 83 79
538 83 80
536 83 81
548 83 82
541 83 83
543 83 84
548 83 85
553 83 86
557 83 87
557 83 88
566 83 89
567 83 90
551 84 45
521 84 46
474 84 47
442 84 48
448 84 49
460 84 50
475 84 51
477 84 52
480 84 53
487 84 54
484 84 55
485 84 56
494 84 57
494 84 58
498 84 59
509 84 60
510 84 61
512 84 62
511 84 63
518 84 64
512 84 65
521 84 66
525 84 67
522 84 68
514 84 69
526 84 70
523 84 71
526 84 72
526 84 73
524 84 74
525 84 75
527 84 76
531 84 77
535 84 78
521 84 79
541 84 80
536 84 81
540 84 82
546 84 83
544 84 84
552 84 85
555 84 86
552 84 87
562 84 88
557 84 89
566 84 90
551 85 45
517 85 46
455 85 47
417 85 48
433 85 49
452 85 50
454 85 51
457 85 52
468 85 53
467 85 54
476 85 55
470 85 56
474 85 57
478 85 58
486 85 59
490 85 60
497 85 61
507 85 62
501 85 63
509 85 64
510 85 65
515 85 66
522 85 67
520 85 68
521 85 69
519 85 70
518 85 71
515 85 72
521 85 73
523 85 74
524 85 75
523 85 76
527 85 77
529 85 78
529 85 79
529 85 80
533 85 81
543 85 82
551 85 83
540 85 84
542 85 85
548 85 86
553 85 87
545 85 88
556 85 89
562 85 90
558 86 45
520 86 46
442 86 47
407 86 48
421 86 49
426 86 50
441 86 51
442 86 52
520 86 77
528 86 78
524 86 79
529 86 80
537 86 81
537 86 82
539 86 83
538 86 84
538 86 85
548 86 86
547 86 87
552 86 88
562 86 89
557 86 90
565 87 45
522 87 46
423 87 47
393 87 48
406 87 49
409 87 50
414 87 51
422 87 52
421 87 53
424 87 54
432 87 55
435 87 56
437 87 57
444 87 58
451 87 59
457 87 60
465 87 61
473 87 62
482 87 63
490 87 64
494 87 65
500 87 66
508 87 67
505 87 68
504 87 69
514 87 70
523 87 71
518 87 72
515 87 73
516 87 74
523 87 75
521 87 76
525 87 77
527 87 78
529 87 79
532 87 80
530 87 81
531 87 82
537 87 83
540 87 84
537 87 85
545 87 86
553 87 87
556 87 88
558 87 89
561 87 90
551 88 45
495 88 46
379 88 47
365 88 48
378 88 49
379 88 50
387 88 51
386 88 52
391 88 53
392 88 54
389 88 55
398 88 56
397 88 57
407 88 58
417 88 59
425 88 60
432 88 61
446 88 62
460 88 63
465 88 64
476 88 65
487 88 66
491 88 67
494 88 68
505 88 69
510 88 70
511 88 71
517 88 72
517 88 73
513 88 74
526 88 75
524 88 76
521 88 77
521 88 78
530 88 79
526 88 80
532 88 81
533 88 82
533 88 83
540 88 84
531 88 85
548 88 86
544 88 87
539 88 88
544 88 89
546 88 90
541 89 45
486 89 46
359 89 47
345 89 48
350 89 49
353 89 50
359 89 51
357 89 52
362 89 53
365 89 54
365 89 55
369 89 56
380 89 57
384 89 58
386 89 59
397 89 60
407 89 61
423 89 62
424 89 63
444 89 64
456 89 65
466 89 66
476 89 67
488 89 68
495 89 69
505 89 70
501 89 71
504 89 72
513 89 73
519 89 74
519 89 75
521 89 76
524 89 77
516 89 78
524 89 79
523 89 80
522 89 81
526 89 82
536 89 83
538 89 84
543 89 85
539 89 86
541 89 87
546 89 88
542 89 89
554 89 90
542 90 45
490 90 46
339 90 47
327 90 48
335 90 49
337 90 50
337 90 51
340 90 52
340 90 53
343 90 54
346 90 55
353 90 56
357 90 57
368 90 58
377 90 59
385 90 60
395 90 61
410 90 62
419 90 63
430 90 64
440 90 65
456 90 66
469 90 67
476 90 68
487 90 69
496 90 70
509 90 71
509 90 72
512 90 73
517 90 74
516 90 75
515 90 76
516 90 77
524 90 78
524 90 79
522 90 80
532 90 81
533 90 82
529 90 83
536 90 84
537 90 85
539 90 86
543 90 87
545 90 88
549 90 89
556 90 90
550 91 45
497 91 46
328 91 47
320 91 48
319 91 49
326 91 50
326 91 51
327 91 52
333 91 53
334 91 54
334 91 55
337 91 56
339 91 57
351 91 58
356 91 59
365 91 60
373 91 61
387 91 62
406 91 63
421 91 64
432 91 65
444 91 66
459 91 67
471 91 68
483 91 69
500 91 70
499 91 71
502 91 72
511 91 73
508 91 74
517 91 75
517 91 76
516 91 77
520 91 78
517 91 79
530 91 80
524 91 81
527 91 82
538 91 83
530 91 84
543 91 85
539 91 86
528 91 87
544 91 88
546 91 89
547 91 90
547 92 45
501 92 46
311 92 47
308 92 48
303 92 49
309 92 50
308 92 51
308 92 52
308 92 53
313 92 54
309 92 55
316 92 56
319 92 57
328 92 58
336 92 59
341 92 60
369 92 61
376 92 62
389 92 63
398 92 64
408 92 65
436 92 66
447 92 67
461 92 68
475 92 69
497 92 70
495 92 71
499 92 72
508 92 73
509 92 74
507 92 75
517 92 76
516 92 77
522 92 78
517 92 79
525 92 80
516 92 81
524 92 82
525 92 83
533 92 84
530 92 85
536 92 86
543 92 87
545 92 88
544 92 89
544 92 90
538 93 45
443 93 46
305 93 47
296 93 48
297 93 49
299 93 50
300 93 51
295 93 52
296 93 53
301 93 54
305 93 55
307 93 56
311 93 57
321 93 58
323 93 59
335 93 60
347 93 61
358 93 62
376 93 63
397 93 64
409 93 65
421 93 66
440 93 67
452 93 68
467 93 69
480 93 70
491 93 71
507 93 72
498 93 73
510 93 74
508 93 75
513 93 76
518 93 77
516 93 78
522 93 79
519 93 80
526 93 81
530 93 82
525 93 83
522 93 84
526 93 85
532 93 86
540 93 87
544 93 88
549 93 89
554 93 90
533 94 45
456 94 46
289 94 47
289 94 48
291 94 49
288 94 50
290 94 51
289 94 52
289 94 53
290 94 54
291 94 55
296 94 56
299 94 57
308 94 58
320 94 59
323 94 60
336 94 61
354 94 62
369 94 63
387 94 64
387 94 65
406 94 66
427 94 67
443 94 68
461 94 69
477 94 70
497 94 71
507 94 72
509 94 73
515 94 74
513 94 75
507 94 76
509 94 77
512 94 78
520 94 79
521 94 80
517 94 81
519 94 82
531 94 83
532 94 84
531 94 85
538 94 86
534 94 87
542 94 88
543 94 89
541 94 90
535 95 45
469 95 46
280 95 47
286 95 48
285 95 49
285 95 50
279 95 51
515 95 75
513 95 76
517 95 77
518 95 78
517 95 79
519 95 80
526 95 81
530 95 82
529 95 83
532 95 84
531 95 85
536 95 86
534 95 87
543 95 88
552 95 89
548 95 90
542 96 45
482 96 46
277 96 47
284 96 48
279 96 49
279 96 50
278 96 51
278 96 52
273 96 53
273 96 54
275 96 55
281 96 56
282 96 57
289 96 58
293 96 59
307 96 60
322 96 61
340 96 62
350 96 63
365 96 64
372 96 65
404 96 66
424 96 67
440 96 68
467 96 69
477 96 70
492 96 71
505 96 72
499 96 73
508 96 74
507 96 75
513 96 76
513 96 77
511 96 78
523 96 79
523 96 80
525 96 81
530 96 82
526 96 83
529 96 84
539 96 85
540 96 86
549 96 87
539 96 88
552 96 89
555 96 90
544 97 45
498 97 46
270 97 47
275 97 48
278 97 49
274 97 50
270 97 51
271 97 52
271 97 53
271 97 54
271 97 55
273 97 56
279 97 57
285 97 58
297 97 59
311 97 60
320 97 61
331 97 62
348 97 63
364 97 64
380 97 65
401 97 66
421 97 67
433 97 68
450 97 69
476 97 70
496 97 71
501 97 72
505 97 73
512 97 74
511 97 75
512 97 76
517 97 77
518 97 78
516 97 79
522 97 80
525 97 81
528 97 82
528 97 83
527 97 84
526 97 85
533 97 86
535 97 87
539 97 88
541 97 89
561 97 90
534 98 45
418 98 46
272 98 47
274 98 48
273 98 49
271 98 50
269 98 51
268 98 52
263 98 53
263 98 54
268 98 55
271 98 56
274 98 57
283 98 58
294 98 59
299 98 60
316 98 61
327 98 62
338 98 63
362 98 64
373 98 65
394 98 66
417 98 67
430 98 68
459 98 69
476 98 70
485 98 71
500 98 72
511 98 73
518 98 74
511 98 75
518 98 76
517 98 77
523 98 78
518 98 79
516 98 80
517 98 81
534 98 82
525 98 83
533 98 84
531 98 85
537 98 86
539 98 87
539 98 88
547 98 89
547 98 90
536 99 45
439 99 46
264 99 47
275 99 48
271 99 49
263 99 50
264 99 51
263 99 52
257 99 53
268 99 54
263 99 55
267 99 56
273 99 57
284 99 58
292 99 59
299 99 60
307 99 61
319 99 62
342 99 63
354 99 64
377 99 65
398 99 66
416 99 67
437 99 68
465 99 69
468 99 70
489 99 71
502 99 72
508 99 73
514 99 74
512 99 75
510 99 76
521 99 77
517 99 78
523 99 79
526 99 80
521 99 81
521 99 82
535 99 83
529 99 84
533 99 85
544 99 86
531 99 87
539 99 88
542 99 89
548 99 90
538 100 45
453 100 46
264 100 47
276 100 48
270 100 49
266 100 50
262 100 51
266 100 52
262 100 53
260 100 54
263 100 55
266 100 56
275 100 57
280 100 58
291 100 59
295 100 60
313 100 61
332 100 62
338 100 63
355 100 64
380 100 65
402 100 66
417 100 67
434 100 68
457 100 69
467 100 70
497 100 71
499 100 72
508 100 73
512 100 74
509 100 75
515 100 76
511 100 77
520 100 78
519 100 79
524 100 80
526 100 81
527 100 82
526 100 83
529 100 84
540 100 85
537 100 86
547 100 87
550 100 88
546 100 89
544 100 90
542 101 45
428 101 46
264 101 47
275 101 48
271 101 49
269 101 50
265 101 51
262 101 52
263 101 53
262 101 54
266 101 55
267 101 56
278 101 57
524 101 78
528 101 79
521 101 80
523 101 81
526 101 82
528 101 83
528 101 84
541 101 85
537 101 86
540 101 87
542 101 88
554 101 89
547 101 90
544 102 45
404 102 46
270 102 47
271 102 48
273 102 49
269 102 50
265 102 51
263 102 52
264 102 53
264 102 54
266 102 55
266 102 56
271 102 57
280 102 58
290 102 59
301 102 60
312 102 61
329 102 62
350 102 63
354 102 64
375 102 65
407 102 66
424 102 67
433 102 68
454 102 69
478 102 70
493 102 71
501 102 72
511 102 73
510 102 74
515 102 75
522 102 76
514 102 77
511 102 78
530 102 79
521 102 80
528 102 81
530 102 82
532 102 83
533 102 84
538 102 85
539 102 86
538 102 87
548 102 88
553 102 89
551 102 90
545 103 45
493 103 46
274 103 47
275 103 48
273 103 49
276 103 50
276 103 51
270 103 52
275 103 53
272 103 54
270 103 55
277 103 56
281 103 57
292 103 58
301 103 59
310 103 60
325 103 61
340 103 62
346 103 63
364 103 64
385 103 65
412 103 66
424 103 67
432 103 68
468 103 69
482 103 70
495 103 71
499 103 72
508 103 73
509 103 74
524 103 75
519 103 76
523 103 77
523 103 78
519 103 79
524 103 80
526 103 81
529 103 82
533 103 83
539 103 84
534 103 85
535 103 86
549 103 87
549 103 88
552 103 89
556 103 90
549 104 45
472 104 46
279 104 47
281 104 48
283 104 49
284 104 50
283 104 51
281 104 52
279 104 53
282 104 54
282 104 55
285 104 56
290 104 57
303 104 58
305 104 59
316 104 60
326 104 61
341 104 62
364 104 63
370 104 64
381 104 65
416 104 66
422 104 67
441 104 68
466 104 69
496 104 70
496 104 71
504 104 72
514 104 73
514 104 74
517 104 75
522 104 76
520 104 77
520 104 78
531 104 79
529 104 80
529 104 81
529 104 82
528 104 83
530 104 84
537 104 85
540 104 86
544 104 87
557 104 88
557 104 89
555 104 90
546 105 45
464 105 46
289 105 47
287 105 48
291 105 49
289 105 50
289 105 51
291 105 52
292 105 53
291 105 54
290 105 55
293 105 56
302 105 57
308 105 58
315 105 59
331 105 60
337 105 61
349 105 62
370 105 63
382 105 64
395 105 65
423 105 66
432 105 67
452 105 68
467 105 69
492 105 70
497 105 71
509 105 72
511 105 73
515 105 74
516 105 75
520 105 76
524 105 77
528 105 78
529 105 79
522 105 80
538 105 81
529 105 82
529 105 83
540 105 84
541 105 85
539 105 86
554 105 87
546 105 88
555 105 89
552 105 90
542 106 45
449 106 46
294 106 47
290 106 48
294 106 49
293 106 50
296 106 51
292 106 52
297 106 53
299 106 54
291 106 55
300 106 56
306 106 57
316 106 58
319 106 59
332 106 60
338 106 61
360 106 62
370 106 63
383 106 64
406 106 65
420 106 66
445 106 67
465 106 68
482 106 69
490 106 70
502 106 71
510 106 72
518 106 73
518 106 74
525 106 75
522 106 76
521 106 77
533 106 78
534 106 79
533 106 80
536 106 81
533 106 82
535 106 83
541 106 84
548 106 85
547 106 86
559 106 87
552 106 88
548 106 89
555 106 90
540 107 45
442 107 46
306 107 47
302 107 48
307 107 49
307 107 50
310 107 51
309 107 52
314 107 53
315 107 54
313 107 55
317 107 56
321 107 57
334 107 58
339 107 59
351 107 60
363 107 61
371 107 62
387 107 63
398 107 64
411 107 65
437 107 66
457 107 67
464 107 68
482 107 69
498 107 70
506 107 71
512 107 72
511 107 73
525 107 74
523 107 75
528 107 76
519 107 77
522 107 78
533 107 79
528 107 80
539 107 81
16 108 53
320 108 54
327 108 55
327 108 56
338 108 57
344 108 58
345 108 59
362 108 60
376 108 61
386 108 62
395 108 63
419 108 64
424 108 65
448 108 66
465 108 67
472 108 68
491 108 69
496 108 70
512 108 71
514 108 72
516 108 73
525 108 74
519 108 75
527 108 76
527 108 77
529 108 78
529 108 79
535 108 80
537 108 81
530 108 82
543 108 83
546 108 84
547 108 85
550 108 86
549 108 87
548 108 88
557 108 89
566 108 90
555 109 45
505 109 46
329 109 47
314 109 48
317 109 49
328 109 50
324 109 51
329 109 52
330 109 53
330 109 54
344 109 55
342 109 56
348 109 57
356 109 58
365 109 59
378 109 60
380 109 61
400 109 62
414 109 63
427 109 64
435 109 65
453 109 66
457 109 67
487 109 68
495 109 69
503 109 70
517 109 71
515 109 72
521 109 73
525 109 74
520 109 75
530 109 76
534 109 77
537 109 78
528 109 79
532 109 80
542 109 81
539 109 82
541 109 83
537 109 84
538 109 85
551 109 86
551 109 87
558 109 88
560 109 89
562 109 90
548 110 45
484 110 46
335 110 47
330 110 48
335 110 49
338 110 50
334 110 51
340 110 52
343 110 53
343 110 54
351 110 55
357 110 56
363 110 57
374 110 58
380 110 59
393 110 60
401 110 61
414 110 62
427 110 63
440 110 64
459 110 65
466 110 66
477 110 67
499 110 68
504 110 69
516 110 70
527 110 71
522 110 72
521 110 73
526 110 74
531 110 75
526 110 76
523 110 77
525 110 78
530 110 79
537 110 80
537 110 81
538 110 82
546 110 83
541 110 84
549 110 85
553 110 86
546 110 87
557 110 88
547 110 89
568 110 90
555 111 45
488 111 46
357 111 47
343 111 48
338 111 49
346 111 50
351 111 51
348 111 52
357 111 53
361 111 54
363 111 55
373 111 56
376 111 57
387 111 58
397 111 59
408 111 60
412 111 61
431 111 62
435 111 63
446 111 64
465 111 65
475 111 66
488 111 67
498 111 68
506 111 69
513 111 70
524 111 71
530 111 72
520 111 73
536 111 74
530 111 75
534 111 76
530 111 77
528 111 78
540 111 79
535 111 80
541 111 81
548 111 82
548 111 83
552 111 84
549 111 85
559 111 86
552 111 87
557 111 88
563 111 89
565 111 90
565 112 45
493 112 46
362 112 47
351 112 48
366 112 49
366 112 50
370 112 51
374 112 52
378 112 53
381 112 54
387 112 55
395 112 56
396 112 57
417 112 58
425 112 59
434 112 60
442 112 61
445 112 62
460 112 63
472 112 64
480 112 65
482 112 66
505 112 67
503 112 68
521 112 69
527 112 70
521 112 71
523 112 72
532 112 73
521 112 74
533 112 75
540 112 76
539 112 77
530 112 78
395 113 53
412 113 54
420 113 55
420 113 56
422 113 57
437 113 58
440 113 59
450 113 60
461 113 61
468 113 62
471 113 63
475 113 64
484 113 65
501 113 66
510 113 67
516 113 68
524 113 69
521 113 70
526 113 71
533 113 72
530 113 73
541 113 74
536 113 75
537 113 76
541 113 77
540 113 78
544 113 79
539 113 80
551 113 81
556 113 82
549 113 83
560 113 84
562 113 85
555 113 86
562 113 87
569 113 88
563 113 89
565 113 90
576 114 45
522 114 46
398 114 47
369 114 48
391 114 49
399 114 50
399 114 51
415 114 52
419 114 53
420 114 54
428 114 55
436 114 56
442 114 57
445 114 58
460 114 59
470 114 60
469 114 61
473 114 62
481 114 63
493 114 64
497 114 65
509 114 66
510 114 67
515 114 68
527 114 69
520 114 70
538 114 71
536 114 72
531 114 73
542 114 74
538 114 75
544 114 76
536 114 77
543 114 78
544 114 79
551 114 80
543 114 81
548 114 82
556 114 83
559 114 84
565 114 85
571 114 86
580 114 87
567 114 88
577 114 89
572 114 90
573 115 45
523 115 46
417 115 47
376 115 48
398 115 49
411 115 50
417 115 51
427 115 52
437 115 53
441 115 54
443 115 55
454 115 56
462 115 57
459 115 58
474 115 59
484 115 60
484 115 61
488 115 62
495 115 63
504 115 64
511 115 65
513 115 66
519 115 67
529 115 68
529 115 69
531 115 70
539 115 71
541 115 72
536 115 73
540 115 74
545 115 75
535 115 76
546 115 77
546 115 78
551 115 79
543 115 80
551 115 81
553 115 82
553 115 83
561 115 84
574 115 85
575 115 86
574 115 87
573 115 88
573 115 89
581 115 90
572 116 45
517 116 46
420 116 47
392 116 48
409 116 49
433 116 50
437 116 51
451 116 52
451 116 53
463 116 54
466 116 55
472 116 56
478 116 57
483 116 58
486 116 59
493 116 60
501 116 61
504 116 62
515 116 63
510 116 64
517 116 65
515 116 66
525 116 67
535 116 68
543 116 69
536 116 70
542 116 71
540 116 72
545 116 73
544 116 74
547 116 75
549 116 76
552 116 77
555 116 78
549 116 79
560 116 80
570 116 81
559 116 82
564 116 83
558 116 84
571 116 85
569 116 86
570 116 87
584 116 88
574 116 89
581 116 90
565 117 45
520 117 46
425 117 47
397 117 48
423 117 49
429 117 50
434 117 51
458 117 52
464 117 53
471 117 54
478 117 55
481 117 56
484 117 57
486 117 58
497 117 59
503 117 60
503 117 61
505 117 62
508 117 63
522 117 64
529 117 65
530 117 66
542 117 67
539 117 68
546 117 69
550 117 70
543 117 71
548 117 72
535 117 73
545 117 74
553 117 75
554 117 76
549 117 77
555 117 78
562 117 79
557 117 80
565 117 81
564 117 82
574 117 83
563 117 84
570 117 85
575 117 86
575 117 87
587 117 88
575 117 89
586 117 90
589 118 45
543 118 46
462 118 47
393 118 48
415 118 49
431 118 50
453 118 51
463 118 52
468 118 53
474 118 54
482 118 55
492 118 56
498 118 57
498 118 58
505 118 59
507 118 60
527 118 61
525 118 62
520 118 63
530 118 64
539 118 65
537 118 66
547 118 67
542 118 68
549 118 69
555 118 70
544 118 71
554 118 72
544 118 73
543 118 74
560 118 75
552 118 76
560 118 77
554 118 78
562 118 79
561 118 80
566 118 81
568 118 82
574 118 83
579 118 84
575 118 85
592 118 86
577 118 87
589 118 88
584 118 89
584 118 90
585 119 45
553 119 46
459 119 47
395 119 48
423 119 49
437 119 50
455 119 51
470 119 52
474 119 53
477 119 54
490 119 55
498 119 56
506 119 57
507 119 58
507 119 59
522 119 60
528 119 61
520 119 62
530 119 63
571 119 84
575 119 85
585 119 86
594 119 87
594 119 88
586 119 89
594 119 90
590 120 45
555 120 46
457 120 47
401 120 48
430 120 49
445 120 50
455 120 51
480 120 52
481 120 53
492 120 54
491 120 55
498 120 56
506 120 57
513 120 58
520 120 59
520 120 60
521 120 61
532 120 62
535 120 63
545 120 64
543 120 65
546 120 66
550 120 67
551 120 68
557 120 69
556 120 70
559 120 71
560 120 72
569 120 73
556 120 74
566 120 75
571 120 76
565 120 77
567 120 78
571 120 79
569 120 80
574 120 81
585 120 82
587 120 83
589 120 84
579 120 85
585 120 86
587 120 87
589 120 88
593 120 89
593 120 90
332 60 45
351 60 46
360 60 47
384 60 48
