314 60 45
322 60 46
328 60 47
339 60 48
367 60 49
385 60 50
390 60 51
424 60 52
435 60 53
458 60 54
486 60 55
516 60 56
516 60 57
479 60 58
534 60 59
512 60 60
436 60 61
363 60 62
391 60 63
266 60 64
229 60 65
118 60 66
115 60 67
90 60 68
8191 60 69
8191 60 70
30 60 71
10 60 72
8191 60 73
0 60 74
8191 60 75
26 60 76
7 60 77
21 60 78
14 60 79
34 60 80
8191 60 81
8191 60 82
21 60 83
75 60 84
8191 60 85
66 60 86
38 60 87
56 60 88
8191 60 89
16 60 90
8191 61 45
128 61 46
395 61 47
332 61 48
354 61 49
375 61 50
398 61 51
413 61 52
450 61 53
469 61 54
479 61 55
480 61 56
488 61 57
492 61 58
497 61 59
499 61 60
409 61 61
368 61 62
334 61 63
227 61 65
173 61 66
170 61 67
123 61 68
94 61 69
106 61 70
87 61 71
8191 61 72
49 61 73
37 61 74
20 61 75
62 61 76
59 61 77
45 61 78
8191 61 79
41 61 80
21 61 81
82 61 82
10 61 83
30 61 84
8191 61 85
77 61 86
69 61 87
95 61 88
38 61 89
72 61 90
8191 62 45
110 62 46
422 62 47
331 62 48
348 62 49
375 62 50
384 62 51
424 62 52
431 62 53
457 62 54
477 62 55
487 62 56
506 62 57
504 62 58
510 62 59
454 62 60
450 62 61
375 62 62
311 62 63
277 62 64
168 62 65
152 62 66
115 62 67
138 62 68
109 62 69
76 62 70
62 62 71
43 62 72
0 62 73
78 62 74
84 62 75
18 62 76
46 62 77
0 62 78
23 62 79
49 62 80
8191 62 81
38 62 82
61 62 83
49 62 84
54 62 85
98 62 86
42 62 87
64 62 88
71 62 89
0 62 90
92 63 45
44 63 46
462 63 47
334 63 48
355 63 49
355 63 50
409 63 51
416 63 52
457 63 53
484 63 54
485 63 55
518 63 56
487 63 57
507 63 58
509 63 59
419 63 60
399 63 61
379 63 62
305 63 63
216 63 64
195 63 65
146 63 66
101 63 67
71 63 68
63 63 69
84 63 70
56 63 71
8191 63 72
45 63 73
62 63 74
58 63 75
30 63 76
61 63 77
65 63 78
44 63 79
60 63 80
59 63 81
8191 63 82
44 63 83
26 63 84
1 63 85
40 63 86
40 63 87
44 63 88
82 63 89
53 63 90
62 64 45
143 64 46
412 64 47
323 64 48
354 64 49
378 64 50
381 64 51
423 64 52
449 64 53
464 64 54
513 64 55
506 64 56
469 64 57
509 64 58
475 64 59
467 64 60
423 64 61
354 64 62
325 64 63
304 64 64
232 64 65
143 64 66
119 64 67
102 64 68
85 64 69
44 64 70
20 64 71
76 64 72
8191 64 73
51 64 74
27 64 75
74 64 76
58 64 77
61 64 78
47 64 79
77 64 80
35 64 81
35 64 82
63 64 83
47 64 84
59 64 85
61 64 86
33 64 87
41 64 88
77 64 89
70 64 90
65 65 45
100 65 46
439 65 47
326 65 48
343 65 49
375 65 50
394 65 51
412 65 52
443 65 53
469 65 54
486 65 55
512 65 56
504 65 57
507 65 58
487 65 59
502 65 60
419 65 61
403 65 62
362 65 63
298 65 64
237 65 65
156 65 66
114 65 67
170 65 68
74 65 69
97 65 70
105 65 71
91 65 72
110 65 73
82 65 74
78 65 75
82 65 76
112 65 77
97 65 78
98 65 79
77 65 80
98 65 81
85 65 82
119 65 83
126 65 84
105 65 85
107 65 86
111 65 87
91 65 88
152 65 89
45 65 90
92 66 45
110 66 46
434 66 47
336 66 48
348 66 49
366 66 50
388 66 51
422 66 52
429 66 53
439 66 54
479 66 55
503 66 56
489 66 57
516 66 58
495 66 59
472 66 60
448 66 61
414 66 62
316 66 63
296 66 64
266 66 65
236 66 66
179 66 67
181 66 68
162 66 69
77 66 70
108 66 71
154 66 72
93 66 73
8191 66 74
118 66 75
126 66 76
97 66 77
69 66 78
133 66 79
117 66 80
92 66 81
104 66 82
95 66 83
124 66 84
8191 66 86
86 66 87
147 66 88
94 66 89
154 66 90
127 67 45
135 67 46
429 67 47
330 67 48
357 67 49
389 67 50
387 67 51
419 67 52
459 67 53
464 67 54
489 67 55
508 67 56
457 67 57
477 67 58
529 67 59
411 67 61
401 67 62
340 67 63
305 67 64
245 67 66
179 67 67
331 68 48
367 68 49
391 68 50
409 68 51
431 68 52
444 68 53
470 68 54
496 68 55
502 68 56
507 68 57
538 68 58
508 68 59
494 68 60
515 68 61
432 68 62
390 68 63
349 68 64
347 68 65
258 68 66
221 68 67
219 68 68
210 68 69
199 68 70
212 68 71
178 68 72
152 68 73
179 68 74
207 68 75
239 68 77
205 68 78
212 68 79
193 68 80
208 68 81
185 68 82
244 68 83
219 68 84
166 68 85
164 68 86
212 68 87
233 68 88
190 68 89
235 68 90
249 69 45
250 69 46
422 69 47
333 69 48
378 69 49
368 69 50
402 69 51
422 69 52
443 69 53
510 69 54
490 69 55
501 69 56
529 69 57
512 69 58
506 69 59
516 69 60
516 69 61
508 69 62
457 69 63
414 69 64
411 69 65
361 69 66
349 69 67
331 69 68
319 69 69
293 69 70
241 69 71
253 69 72
301 69 73
300 69 74
236 69 75
257 69 76
271 69 77
274 69 78
286 69 79
258 69 80
302 69 81
312 69 82
248 69 83
304 69 84
273 69 85
274 69 86
288 69 87
311 69 88
300 69 89
269 69 90
313 70 45
323 70 46
437 70 47
343 70 48
368 70 49
397 70 50
420 70 51
430 70 52
465 70 53
491 70 54
506 70 55
528 70 56
506 70 57
553 70 58
528 70 59
570 70 60
547 70 61
541 70 62
526 70 63
477 70 64
459 70 65
387 70 66
401 70 67
400 70 68
363 70 69
337 70 70
367 70 71
402 70 72
363 70 73
377 70 74
330 70 75
363 70 76
365 70 77
363 70 78
356 70 79
373 70 80
372 70 81
376 70 82
419 70 83
360 70 84
417 70 85
394 70 86
357 70 87
371 70 89
367 70 90
424 71 45
425 71 46
401 71 47
342 71 48
357 71 49
402 71 50
435 71 51
456 71 52
467 71 53
508 71 54
526 71 55
507 71 56
567 71 57
555 71 58
566 71 59
573 71 60
528 71 61
564 71 62
519 71 63
527 71 64
509 71 65
461 71 66
446 71 67
442 71 68
430 71 69
430 71 70
438 71 71
385 71 72
426 71 73
408 71 74
408 71 75
444 71 76
447 71 77
452 71 78
427 71 79
436 71 80
453 71 81
370 71 82
445 71 83
440 71 84
441 71 85
477 71 86
472 71 87
432 71 88
412 71 89
424 71 90
453 72 45
456 72 46
419 72 47
349 72 48
381 72 49
417 72 50
419 72 51
458 72 52
473 72 53
513 72 54
532 72 55
546 72 56
545 72 57
558 72 58
575 72 59
591 72 60
570 72 61
565 72 62
530 72 63
529 72 64
504 72 65
497 72 66
507 72 67
491 72 68
473 72 69
482 72 70
471 72 71
481 72 72
468 72 73
453 72 74
504 72 75
457 72 76
488 72 77
504 72 78
498 72 79
506 72 80
499 72 81
463 72 82
484 72 83
483 72 84
502 72 85
491 72 86
519 72 87
493 72 88
507 72 89
474 72 90
511 73 45
502 73 46
467 73 47
353 73 48
392 73 49
420 73 50
447 73 51
486 73 52
513 73 53
531 73 54
533 73 55
540 73 56
560 73 57
556 73 58
592 73 59
605 73 60
555 73 61
565 73 62
556 73 63
557 73 64
522 73 65
526 73 66
528 73 67
514 73 68
514 73 69
518 73 70
497 73 71
512 73 72
539 73 73
533 73 74
509 73 75
528 73 76
504 73 77
530 73 78
512 73 79
530 73 80
509 73 81
519 73 82
563 73 83
535 73 84
485 73 85
490 73 86
470 73 87
499 73 88
488 73 89
517 73 90
538 74 45
522 74 46
485 74 47
350 74 48
394 74 49
415 74 50
451 74 51
461 74 52
496 74 53
516 74 54
548 74 55
534 74 56
579 74 57
570 74 58
568 74 59
588 74 60
565 74 61
589 74 62
571 74 63
571 74 64
566 74 65
553 74 66
552 74 67
527 74 68
546 74 69
533 74 70
525 74 71
520 74 72
542 74 73
555 74 74
539 74 75
550 74 76
560 74 77
548 74 78
539 74 79
544 74 80
551 74 81
536 74 82
549 74 83
549 74 84
566 74 85
524 74 86
570 74 87
540 74 88
537 74 89
544 74 90
551 75 45
557 75 46
529 75 47
368 75 48
399 75 49
434 75 50
474 75 51
479 75 52
528 75 53
539 75 54
544 75 55
551 75 56
570 75 57
587 75 58
581 75 59
602 75 60
598 75 61
603 75 62
578 75 63
560 75 64
557 75 65
553 75 66
542 75 67
567 75 68
524 75 69
552 75 70
543 75 71
568 75 72
555 75 73
535 75 74
539 75 75
561 75 76
548 75 77
553 75 78
532 75 79
547 75 80
555 75 81
557 75 82
536 75 83
551 75 84
538 75 85
573 75 86
556 75 87
562 75 88
571 75 89
567 75 90
560 76 45
564 76 46
459 76 47
360 76 48
393 76 49
435 76 50
463 76 51
510 76 52
527 76 53
547 76 54
562 76 55
564 76 56
581 76 57
576 76 58
579 76 59
599 76 60
589 76 61
602 76 62
593 76 63
582 76 64
576 76 65
580 76 66
577 76 67
565 76 68
563 76 69
548 76 70
555 76 71
557 76 72
554 76 73
583 76 74
551 76 75
579 76 76
561 76 77
588 76 78
560 76 79
568 76 80
585 76 81
595 76 82
567 76 83
591 76 84
593 76 85
573 76 86
591 76 87
576 76 88
578 76 89
598 76 90
586 77 45
562 77 46
479 77 47
362 77 48
411 77 49
426 77 50
481 77 51
505 77 52
513 77 53
556 77 54
579 77 55
566 77 56
579 77 57
585 77 58
595 77 59
601 77 60
599 77 61
601 77 62
592 77 63
580 77 64
579 77 65
581 77 66
578 77 67
582 77 68
568 77 69
573 77 70
579 77 71
569 77 72
567 77 73
581 77 74
573 77 75
583 77 76
588 77 77
562 77 78
565 77 79
584 77 80
555 77 81
597 77 82
592 77 83
598 77 84
586 77 85
576 77 86
598 77 87
611 77 88
581 77 89
591 77 90
600 78 45
564 78 46
498 78 47
364 78 48
403 78 49
452 78 50
480 78 51
520 78 52
535 78 53
548 78 54
564 78 55
575 78 56
585 78 57
586 78 58
607 78 59
605 78 60
595 78 61
602 78 62
599 78 63
587 78 64
590 78 65
565 78 66
594 78 67
576 78 68
577 78 69
576 78 70
593 78 71
572 78 72
591 78 73
583 78 74
577 78 75
587 78 76
588 78 77
589 78 78
599 78 79
582 78 80
592 78 81
592 78 82
592 78 83
582 78 84
602 78 85
601 78 86
605 78 87
601 78 88
616 78 89
606 78 90
609 79 45
578 79 46
520 79 47
381 79 48
424 79 49
459 79 50
474 79 51
504 79 52
532 79 53
554 79 54
571 79 55
575 79 56
575 79 57
586 79 58
595 79 59
596 79 60
593 79 61
582 79 62
581 79 63
583 79 64
599 79 65
585 79 66
581 79 67
580 79 68
588 79 69
586 79 70
579 79 71
578 79 72
588 79 73
584 79 74
597 79 75
594 79 76
597 79 77
597 79 78
580 79 79
589 79 80
598 79 81
600 79 82
597 79 83
612 79 84
616 79 85
598 79 86
609 79 87
611 79 88
595 79 89
609 79 90
635 80 45
583 80 46
554 80 47
399 80 48
432 80 49
464 80 50
479 80 51
500 80 52
548 80 53
548 80 54
576 80 55
580 80 56
593 80 57
594 80 58
585 80 59
593 80 60
585 80 61
603 80 62
588 80 63
591 80 64
598 80 65
583 80 66
589 80 67
589 80 68
593 80 69
585 80 70
594 80 71
589 80 72
592 80 73
595 80 74
603 80 75
596 80 76
591 80 77
590 80 78
599 80 79
598 80 80
601 80 81
595 80 82
612 80 83
602 80 84
608 80 85
616 80 86
615 80 87
607 80 88
601 80 89
616 80 90
613 81 45
589 81 46
488 81 47
393 81 48
427 81 49
458 81 50
495 81 51
524 81 52
522 81 53
547 81 54
572 81 55
584 81 56
590 81 57
593 81 58
583 81 59
596 81 60
586 81 61
588 81 62
594 81 63
598 81 64
597 81 65
594 81 66
592 81 67
596 81 68
596 81 69
587 81 70
586 81 71
595 81 72
594 81 73
591 81 74
609 81 75
590 81 76
586 81 77
612 81 78
597 81 79
615 81 80
601 81 81
606 81 82
605 81 83
605 81 84
616 81 85
613 81 86
607 81 87
623 81 88
632 81 89
636 81 90
622 82 45
595 82 46
495 82 47
395 82 48
447 82 49
461 82 50
486 82 51
521 82 52
531 82 53
552 82 54
570 82 55
571 82 56
583 82 57
591 82 58
587 82 59
602 82 60
598 82 61
586 82 62
596 82 63
595 82 64
593 82 65
583 82 66
588 82 67
591 82 68
601 82 69
591 82 70
605 82 71565 83 55
583 83 56
579 83 57
591 83 58
587 83 59
591 83 60
596 83 61
597 83 62
591 83 63
584 83 64
587 83 65
603 83 66
598 83 67
591 83 68
595 83 69
591 83 70
593 83 71
602 83 72
591 83 73
604 83 74
596 83 75
600 83 76
612 83 77
604 83 78
608 83 79
617 83 80
615 83 81
620 83 82
614 83 83
618 83 84
618 83 85
624 83 86
613 83 87
616 83 88
623 83 89
624 83 90
633 84 45
588 84 46
535 84 47
397 84 48
431 84 49
487 84 50
506 84 51
526 84 52
556 84 53
549 84 54
576 84 55
575 84 56
585 84 57
581 84 58
594 84 59
588 84 60
594 84 61
588 84 62
586 84 63
589 84 64
590 84 65
596 84 66
594 84 67
595 84 68
586 84 69
596 84 70
587 84 71
588 84 72
595 84 73
603 84 74
599 84 75
597 84 76
585 84 77
609 84 78
609 84 79
606 84 80
611 84 81
614 84 82
618 84 83
609 84 84
620 84 85
626 84 86
618 84 87
633 84 88
629 84 89
638 84 90
621 85 45
596 85 46
557 85 47
403 85 48
439 85 49
485 85 50
492 85 51
523 85 52
547 85 53
565 85 54
571 85 55
576 85 56
586 85 57
581 85 58
582 85 59
589 85 60
593 85 61
587 85 62
592 85 63
583 85 64
589 85 65
591 85 66
589 85 67
596 85 68
592 85 69
589 85 70
598 85 71
584 85 72
590 85 73
587 85 74
601 85 75
592 85 76
600 85 77
611 85 78
603 85 79
610 85 80
616 85 81
603 85 82
617 85 83
616 85 84
621 85 85
629 85 86
620 85 87
633 85 88
643 85 89
639 85 90
617 86 45
584 86 46
489 86 47
412 86 48
443 86 49
480 86 50
507 86 51
545 86 52
541 86 53
563 86 54
571 86 55
572 86 56
576 86 57
579 86 58
581 86 59
583 86 60
596 86 61
594 86 62
580 86 63
586 86 64
587 86 65
586 86 66
590 86 67
588 86 68
589 86 69
588 86 70
591 86 71
592 86 72
579 86 73
596 86 74
596 86 75
599 86 76
585 86 77
597 86 78
602 86 79
611 86 80
616 86 81
611 86 82
611 86 83
614 86 84
615 86 85
634 86 86
626 86 87
617 86 88
630 86 89
639 86 90
632 87 45
597 87 46
516 87 47
415 87 48
462 87 49
478 87 50
511 87 51
529 87 52
552 87 53
561 87 54
577 87 55
574 87 56
569 87 57
588 87 58
588 87 59
585 87 60
590 87 61
587 87 62
585 87 63
585 87 64
586 87 65
581 87 66
591 87 67
583 87 68
587 87 69
580 87 70
585 87 71
588 87 72
585 87 73
593 87 74
590 87 75
601 87 76
596 87 77
598 87 78
597 87 79
604 87 80
610 87 81
610 87 82
595 87 83
619 87 84
621 87 85
630 87 86
629 87 87
622 87 88
642 87 89
624 87 90
634 88 45
589 88 46
526 88 47
414 88 48
450 88 49
465 88 50
500 88 51
532 88 52
546 88 53
555 88 54
570 88 55
567 88 56
576 88 57
579 88 58
583 88 59
582 88 60
575 88 61
574 88 62
580 88 63
585 88 64
591 88 65
582 88 66
581 88 67
595 88 68
585 88 69
583 88 70
583 88 71
587 88 72
584 88 73
586 88 74
587 88 75
593 88 76
593 88 77
589 88 78
598 88 79
593 88 80
597 88 81
603 88 82
615 88 83
612 88 84
602 88 85
613 88 86
617 88 87
621 88 88
623 88 89
623 88 90
622 89 45
584 89 46
530 89 47
422 89 48
465 89 49
496 89 50
504 89 51
532 89 52
553 89 53
551 89 54
563 89 55
569 89 56
576 89 57
579 89 58
574 89 59
572 89 60
580 89 61
569 89 62
582 89 63
581 89 64
581 89 65
583 89 66
581 89 67
578 89 68
587 89 69
585 89 70
579 89 71
578 89 72
587 89 73
584 89 74
589 89 75
585 89 76
587 89 77
596 89 78
595 89 79
596 89 80
595 89 81
593 89 82
607 89 83
618 89 84
620 89 85
605 89 86
625 89 87
626 89 88
629 89 89
622 89 90
631 90 45
581 90 46
540 90 47
427 90 48
464 90 49
489 90 50
510 90 51
530 90 52
549 90 53
567 90 54
559 90 55
562 90 56
569 90 57
576 90 58
571 90 59
580 90 60
575 90 61
576 90 62
568 90 63
575 90 64
572 90 65
577 90 66
577 90 67
577 90 68
571 90 69
576 90 70
581 90 71
580 90 72
572 90 73
582 90 74
591 90 75
584 90 76
586 90 77
582 90 78
580 90 79
594 90 80
563 91 58
564 91 59
572 91 60
575 91 61
573 91 62
576 91 63
575 91 64
569 91 65
579 91 66
574 91 67
569 91 68
577 91 69
575 91 70
578 91 71
577 91 72
583 91 73
571 91 74
582 91 75
583 91 76
585 91 77
583 91 78
593 91 79
589 91 80
589 91 81
604 91 82
598 91 83
601 91 84
600 91 85
600 91 86
606 91 87
622 91 88
620 91 89
614 91 90
615 92 45
573 92 46
519 92 47
434 92 48
480 92 49
500 92 50
513 92 51
535 92 52
538 92 53
547 92 54
561 92 55
560 92 56
568 92 57
573 92 58
563 92 59
573 92 60
573 92 61
572 92 62
572 92 63
573 92 64
570 92 65
569 92 66
572 92 67
576 92 68
571 92 69
575 92 70
577 92 71
568 92 72
575 92 73
573 92 74
576 92 75
575 92 76
585 92 77
587 92 78
581 92 79
579 92 80
596 92 81
588 92 82
588 92 83
604 92 84
604 92 85
606 92 86
607 92 87
617 92 88
608 92 89
608 92 90
611 93 45
572 93 46
517 93 47
436 93 48
470 93 49
503 93 50
498 93 51
529 93 52
532 93 53
554 93 54
557 93 55
561 93 56
563 93 57
558 93 58
571 93 59
568 93 60
566 93 61
565 93 62
567 93 63
568 93 64
561 93 65
561 93 66
566 93 67
569 93 68
562 93 69
572 93 70
563 93 71
573 93 72
570 93 73
568 93 74
577 93 75
574 93 76
577 93 77
581 93 78
584 93 79
586 93 80
588 93 81
579 93 82
593 93 83
596 93 84
604 93 85
607 93 86
608 93 87
612 93 88
611 93 89
607 93 90
606 94 45
566 94 46
514 94 47
433 94 48
459 94 49
497 94 50
509 94 51
532 94 52
539 94 53
547 94 54
562 94 55
564 94 56
562 94 57
559 94 58
555 94 59
567 94 60
563 94 61
562 94 62
565 94 63
565 94 64
571 94 65
567 94 66
562 94 67
557 94 68
554 94 69
572 94 70
563 94 71
572 94 72
570 94 73
571 94 74
568 94 75
567 94 76
580 94 77
570 94 78
578 94 79
586 94 80
581 94 81
588 94 82
593 94 83
594 94 84
591 94 85
594 94 86
605 94 87
616 94 88
607 94 89
605 94 90
608 95 45
562 95 46
542 95 47
427 95 48
463 95 49
489 95 50
510 95 51
533 95 52
541 95 53
548 95 54
551 95 55
549 95 56
563 95 57
562 95 58
561 95 59
562 95 60
569 95 61
564 95 62
562 95 63
553 95 64
564 95 65
566 95 66
559 95 67
564 95 68
565 95 69
567 95 70
555 95 71
562 95 72
570 95 73
579 95 74
568 95 75
569 95 76
580 95 77
569 95 78
586 95 79
582 95 80
582 95 81
584 95 82
585 95 83
591 95 84
601 95 85
595 95 86
595 95 87
615 95 88
602 95 89
612 95 90
609 96 45
565 96 46
500 96 47
443 96 48
470 96 49
503 96 50
505 96 51
518 96 52
533 96 53
542 96 54
545 96 55
553 96 56
555 96 57
560 96 58
561 96 59
566 96 60
566 96 61
559 96 62
561 96 63
562 96 64
555 96 65
555 96 66
570 96 67
563 96 68
562 96 69
555 96 70
569 96 71
566 96 72
570 96 73
574 96 74
562 96 75
566 96 76
572 96 77
578 96 78
577 96 79
580 96 80
569 96 81
580 96 82
595 96 83
591 96 84
596 96 85
607 96 86
600 96 87
602 96 88
607 96 89
612 96 90
606 97 45
557 97 46
520 97 47
434 97 48
480 97 49
486 97 50
520 97 51
527 97 52
540 97 53
545 97 54
547 97 55
547 97 56
558 97 57
560 97 58
566 97 59
558 97 60
559 97 61
556 97 62
553 97 63
549 97 64
552 97 65
555 97 66
562 97 67
554 97 68
562 97 69
566 97 70
556 97 71
566 97 72
564 97 73
567 97 74
565 97 75
575 97 76
565 97 77
570 97 78
579 97 79
585 97 80
584 97 81
579 97 82
584 97 83
598 97 84
586 97 85
597 97 86
592 97 87
611 97 88
605 97 89
612 97 90
597 98 45
553 98 46
510 98 47
446 98 48
473 98 49
488 98 50
515 98 51
527 98 52
544 98 53
547 98 54
552 98 55
553 98 56
546 98 57
556 98 58
554 98 59
557 98 60
553 98 61
560 98 62
561 98 63
557 98 64
558 98 65
560 98 66
556 98 67
558 98 68
560 98 69
555 98 70
555 98 71
559 98 72
567 98 73
566 98 74
563 98 75
569 98 76
573 98 77
569 98 78
571 98 79
573 98 80
576 98 81
590 98 82
593 98 83
577 98 84
584 98 85
585 98 86
592 98 87
601 98 88
602 98 89
612 98 90
601 99 45
556 99 46
522 99 47
438 99 48
471 99 49
488 99 50
515 99 51
523 99 52
527 99 53
540 99 54
546 99 55
551 99 56
556 99 57
554 99 58
557 99 59
554 99 60
552 99 61
556 99 62
555 99 63
559 99 64
554 99 65
553 99 66
557 99 67
555 99 68
562 99 69
565 99 70
558 99 71
555 99 72
558 99 73
559 99 74
561 99 75
564 99 76
565 99 77
568 99 78
567 99 79
576 99 80
576 99 81
570 99 82
579 99 83
581 99 84
588 99 85
580 99 86
594 99 87
603 99 88
610 99 89
601 99 90
599 100 45
559 100 46
534 100 47
442 100 48
470 100 49
493 100 50
514 100 51
521 100 52
533 100 53
534 100 54
536 100 55
548 100 56
551 100 57
551 100 58
553 100 59
555 100 60
553 100 61
553 100 62
554 100 63
559 100 64
546 100 65
555 100 66
554 100 67
556 100 68
553 100 69
559 100 70
552 100 71
557 100 72
556 100 73
555 100 74
559 100 75
561 100 76
561 100 77
570 100 78
572 100 79
562 100 80
577 100 81
575 100 82
573 100 83
581 100 84
581 100 85
595 100 86
583 100 87
607 100 88
604 100 89
607 100 90
604 101 45
557 101 46
519 101 47
431 101 48
462 101 49
489 101 50
508 101 51
521 101 52
524 101 53
536 101 54
547 101 55
543 101 56
543 101 57
555 101 58
550 101 59
551 101 60
555 101 61
555 101 62
555 101 63
554 101 64
554 101 65
550 101 66
548 101 67
554 101 68
559 101 69
555 101 70
555 101 71
557 101 72
559 101 73
563 101 74
561 101 75
569 101 76
568 101 77
566 101 78
573 101 79
578 101 80
578 101 81
577 101 82
582 101 83
582 101 84
588 101 85
591 101 86
592 101 87
607 101 88
600 101 89
601 101 90
595 102 45
554 102 46
502 102 47
442 102 48
470 102 49
490 102 50
503 102 51
515 102 52
554 102 74
557 102 75
561 102 76
561 102 77
565 102 78
559 102 79
573 102 80
564 102 81
573 102 82
584 102 83
579 102 84
587 102 85
592 102 86
587 102 87
591 102 88
609 102 89
592 102 90
588 103 45
553 103 46
502 103 47
433 103 48
463 103 49
477 103 50
499 103 51
517 103 52
520 103 53
532 103 54
533 103 55
537 103 56
541 103 57
548 103 58
556 103 59
552 103 60
545 103 61
546 103 62
550 103 63
549 103 64
550 103 65
559 103 66
545 103 67
545 103 68
554 103 69
544 103 70
546 103 71
555 103 72
558 103 73
559 103 74
564 103 75
561 103 76
559 103 77
557 103 78
564 103 79
558 103 80
571 103 81
572 103 82
574 103 83
578 103 84
576 103 85
586 103 86
585 103 87
593 103 88
595 103 89
605 103 90
577 104 45
546 104 46
481 104 47
435 104 48
461 104 49
489 104 50
507 104 51
514 104 52
521 104 53
534 104 54
530 104 55
534 104 56
541 104 57
538 104 58
546 104 59
544 104 60
546 104 61
539 104 62
546 104 63
547 104 64
547 104 65
547 104 66
545 104 67
541 104 68
551 104 69
552 104 70
550 104 71
553 104 72
553 104 73
560 104 74
553 104 75
562 104 76
563 104 77
570 104 78
566 104 79
562 104 80
573 104 81
577 104 82
581 104 83
573 104 84
586 104 85
577 104 86
593 104 87
590 104 88
593 104 89
604 104 90
597 105 45
554 105 46
515 105 47
433 105 48
465 105 49
481 105 50
501 105 51
508 105 52
520 105 53
526 105 54
531 105 55
534 105 56
530 105 57
542 105 58
542 105 59
536 105 60
542 105 61
540 105 62
543 105 63
541 105 64
544 105 65
544 105 66
546 105 67
543 105 68
547 105 69
549 105 70
553 105 71
549 105 72
558 105 73
549 105 74
557 105 75
557 105 76
561 105 77
560 105 78
560 105 79
562 105 80
562 105 81
564 105 82
582 105 83
581 105 84
580 105 85
583 105 86
583 105 87
589 105 88
592 105 89
597 105 90
595 106 45
551 106 46
492 106 47
425 106 48
458 106 49
479 106 50
486 106 51
504 106 52
515 106 53
527 106 54
531 106 55
531 106 56
535 106 57
540 106 58
537 106 59
543 106 60
541 106 61
538 106 62
541 106 63
545 106 64
542 106 65
546 106 66
553 106 67
547 106 68
541 106 69
553 106 70
549 106 71
546 106 72
549 106 73
563 106 74
559 106 75
561 106 76
559 106 77
560 106 78
563 106 79
566 106 80
569 106 81
571 106 82
574 106 83
574 106 84
589 106 85
589 106 86
587 106 87
599 106 88
597 106 89
602 106 90
602 107 45
544 107 46
482 107 47
423 107 48
464 107 49
465 107 50
496 107 51
497 107 52
521 107 53
517 107 54
527 107 55
523 107 56
532 107 57
531 107 58
535 107 59
536 107 60
537 107 61
539 107 62
537 107 63
539 107 64
538 107 65
541 107 66
542 107 67
541 107 68
545 107 69
546 107 70
547 107 71
551 107 72
545 107 73
538 107 74
554 107 75
550 107 76
556 107 77
549 107 78
567 107 79
570 107 80
566 107 81
576 107 82
569 107 83
575 107 84
576 107 85
589 107 86
579 107 87
584 107 88
592 107 89
600 107 90
588 108 45
546 108 46
473 108 47
423 108 48
451 108 49
468 108 50
488 108 51
501 108 52
513 108 53
516 108 54
523 108 55
522 108 56
531 108 57
531 108 58
523 108 59
534 108 60
532 108 61
540 108 62
536 108 63
535 108 64
537 108 65
540 108 66
544 108 67
542 108 68
546 108 69
539 108 70
549 108 71
545 108 72
552 108 73
549 108 74
551 108 75
552 108 76
555 108 77
562 108 78
562 108 79
567 108 80
565 108 81
567 108 82
580 108 83
578 108 84
584 108 85
574 108 86
581 108 87
601 108 88
592 108 89
601 108 90
585 109 45
536 109 46
471 109 47
422 109 48
450 109 49
470 109 50
472 109 51
501 109 52
507 109 53
506 109 54
518 109 55
525 109 56
532 109 57
533 109 58
526 109 59
534 109 60
536 109 61
538 109 62
537 109 63
532 109 64
537 109 65
538 109 66
540 109 67
539 109 68
541 109 69
543 109 70
548 109 71
551 109 72
545 109 73
543 109 74
555 109 75
557 109 76
563 109 77
566 109 78
568 109 79
562 109 80
560 109 81
559 109 82
570 109 83
571 109 84
576 109 85
580 109 86
582 109 87
586 109 88
585 109 89
598 109 90
588 110 45
554 110 46
496 110 47
411 110 48
437 110 49
469 110 50
471 110 51
486 110 52
506 110 53
512 110 54
510 110 55
516 110 56
522 110 57
525 110 58
524 110 59
533 110 60
526 110 61
534 110 62
529 110 63
539 110 64
528 110 65
525 110 66
537 110 67
545 110 68
537 110 69
543 110 70
545 110 71
545 110 72
546 110 73
553 110 74
552 110 75
550 110 76
556 110 77
557 110 78
563 110 79
562 110 80
560 110 81
558 110 82
519 111 56
524 111 57
524 111 58
532 111 59
531 111 60
525 111 61
532 111 62
531 111 63
526 111 64
529 111 65
530 111 66
532 111 67
541 111 68
537 111 69
547 111 70
550 111 71
546 111 72
548 111 73
549 111 74
548 111 75
550 111 76
552 111 77
553 111 78
550 111 79
560 111 80
561 111 81
572 111 82
574 111 83
572 111 84
586 111 85
576 111 86
584 111 87
599 111 88
592 111 89
593 111 90
580 112 45
543 112 46
472 112 47
409 112 48
435 112 49
451 112 50
470 112 51
478 112 52
501 112 53
499 112 54
510 112 55
513 112 56
516 112 57
526 112 58
526 112 59
530 112 60
522 112 61
528 112 62
529 112 63
536 112 64
526 112 65
530 112 66
531 112 67
533 112 68
539 112 69
536 112 70
546 112 71
544 112 72
547 112 73
553 112 74
549 112 75
556 112 76
557 112 77
566 112 78
554 112 79
568 112 80
560 112 81
568 112 82
568 112 83
577 112 84
579 112 85
582 112 86
589 112 87
589 112 88
591 112 89
590 112 90
576 113 45
535 113 46
449 113 47
410 113 48
432 113 49
460 113 50
462 113 51
462 113 52
489 113 53
502 113 54
504 113 55
517 113 56
516 113 57
524 113 58
518 113 59
520 113 60
518 113 61
533 113 62
529 113 63
527 113 64
528 113 65
524 113 66
530 113 67
535 113 68
538 113 69
542 113 70
542 113 71
540 113 72
545 113 73
549 113 74
554 113 75
561 113 76
550 113 77
544 113 78
554 113 79
565 113 80
571 113 81
565 113 82
568 113 83
576 113 84
591 113 85
584 113 86
588 113 87
587 113 88
597 113 89
596 113 90
586 114 45
532 114 46
431 114 47
400 114 48
419 114 49
434 114 50
457 114 51
477 114 52
491 114 53
501 114 54
490 114 55
515 114 56
512 114 57
513 114 58
526 114 59
526 114 60
523 114 61
516 114 62
524 114 63
524 114 64
527 114 65
538 114 66
532 114 67
533 114 68
529 114 69
536 114 70
551 114 71
544 114 72
547 114 73
545 114 74
548 114 75
555 114 76
553 114 77
554 114 78
557 114 79
559 114 80
562 114 81
568 114 82
566 114 83
575 114 84
577 114 85
579 114 86
581 114 87
586 114 88
604 114 89
606 114 90
599 115 45
544 115 46
460 115 47
392 115 48
409 115 49
438 115 50
442 115 51
460 115 52
484 115 53
484 115 54
490 115 55
501 115 56
513 115 57
508 115 58
513 115 59
527 115 60
527 115 61
525 115 62
526 115 63
530 115 64
534 115 65
529 115 66
527 115 67
534 115 68
536 115 69
544 115 70
547 115 71
548 115 72
552 115 73
552 115 74
555 115 75
558 115 76
557 115 77
554 115 78
558 115 79
559 115 80
564 115 81
564 115 82
574 115 83
581 115 84
585 115 85
587 115 86
592 115 87
592 115 88
590 115 89
604 115 90
594 116 45
536 116 46
438 116 47
382 116 48
403 116 49
421 116 50
440 116 51
472 116 52
470 116 53
479 116 54
505 116 55
495 116 56
507 116 57
507 116 58
513 116 59
521 116 60
521 116 61
520 116 62
529 116 63
524 116 64
533 116 65
526 116 66
534 116 67
538 116 68
538 116 69
543 116 70
547 116 71
549 116 72
539 116 73
546 116 74
548 116 75
550 116 76
557 116 77
560 116 78
566 116 79
563 116 80
570 116 81
578 116 82
565 116 83
581 116 84
577 116 85
579 116 86
585 116 87
592 116 88
594 116 89
609 116 90
584 117 45
532 117 46
426 117 47
381 117 48
406 117 49
406 117 50
426 117 51
439 117 52
455 117 53
487 117 54
487 117 55
498 117 56
510 117 57
517 117 58
512 117 59
526 117 60
531 117 61
522 117 62
534 117 63
528 117 64
533 117 65
535 117 66
530 117 67
533 117 68
543 117 69
537 117 70
545 117 71
545 117 72
545 117 73
539 117 74
553 117 75
558 117 76
552 117 77
553 117 78
560 117 79
566 117 80
566 117 81
573 117 82
567 117 83
573 117 84
576 117 85
584 117 86
593 117 87
596 117 88
595 117 89
598 117 90
582 118 45
536 118 46
414 118 47
379 118 48
402 118 49
409 118 50
419 118 51
439 118 52
446 118 53
468 118 54
486 118 55
496 118 56
523 118 57
512 118 58
521 118 59
520 118 60
515 118 61
534 118 62
531 118 63
525 118 64
527 118 65
526 118 66
529 118 67
538 118 68
538 118 69
557 118 70
543 118 71
549 118 72
551 118 73
551 118 74
557 118 75
563 118 76
556 118 77
559 118 78
567 118 79
572 118 80
583 118 81
570 118 82
571 118 83
577 118 84
582 118 85
588 118 86
589 118 87
589 118 88
596 118 89
613 118 90
580 119 45
530 119 46
416 119 47
381 119 48
402 119 49
428 119 50
429 119 51
445 119 52
459 119 53
485 119 54
495 119 55
504 119 56
508 119 57
523 119 58
523 119 59
523 119 60
528 119 61
524 119 62
528 119 63
528 119 64
531 119 65
540 119 66
535 119 67
540 119 68
540 119 69
543 119 70
548 119 71
538 119 72
551 119 73
559 119 74
561 119 75
560 119 76
558 119 77
563 119 78
572 119 79
562 119 80
576 119 81
577 119 82
573 119 83
591 119 84
583 119 85
585 119 86
592 119 87
600 119 88
601 119 89
598 119 90
596 120 45
544 120 46
444 120 47
392 120 48
402 120 49
424 120 50
437 120 51
449 120 52
473 120 53
485 120 54
504 120 55
508 120 56
523 120 57
524 120 58
532 120 59
529 120 60
531 120 61
523 120 62
538 120 63
534 120 64
532 120 65
529 120 66
539 120 67
533 120 68
544 120 69
547 120 70
548 120 71
544 120 72
556 120 73
553 120 74
556 120 75
559 120 76
565 120 77
568 120 78
562 120 79
570 120 80
572 120 81
582 120 82
585 120 83
581 120 84
585 120 85
587 120 86
588 120 87
587 120 88
595 120 89
599 120 90
